-6.43457284 -0.21968884 1.73938864 -1.61421669 -3.88151027 -1.92497696 -1.56575230 0.93194539 -2.24097806 3.06481257 1.42849641 -0.22795407 0.98016166 1.06138209 0.29379668 1.51954444 -0.67602078 0.18832706 -2.00867659 -1.09461917 -0.51806679 1.07787742 -0.05863549 -0.53684976 3.31036153 -0.95164687 0.56321385 0.14439236 1.50526953 -0.56865502 0.74222272 1.01412705 1.08343844 -0.31948945 -0.84196472 1.09794335 -0.94836095 -1.22592407 -0.36504250 -0.60742475 -0.03579021 1.98923276 -0.61092297 -0.67515060 0.30059644 0.54851252 -0.36343485 -0.17416100 -0.10102608 1.27241030 1.00000000
-2.79851740 3.77404297 3.60165043 -1.47781830 -3.19080899 0.41571541 0.88293472 -1.19795651 -3.30428783 4.25316621 1.52781362 -1.67128121 -0.19814131 -0.53404588 0.46033789 1.85438833 -0.09946645 -0.53419685 -0.72918782 -1.45104944 -1.35646218 -0.06444461 0.25917749 0.15479278 -0.81783809 0.92269456 0.51195723 -0.82677515 -0.93933397 0.31622224 -0.46355396 0.32713248 -1.14149900 0.06946439 0.46474920 0.35883002 -0.26250285 0.18787910 0.47749797 0.04614544 0.10879007 -0.69968989 0.30744670 0.23371323 -0.03579356 0.25755777 0.39427456 -0.24675609 -0.29166107 -0.02718934 1.00000000
-2.59985291 3.66713404 3.00936226 -1.44363400 -3.52032082 0.16068911 0.53297320 -1.26027437 -3.02505944 4.00741024 1.35868679 -1.90004826 0.16498066 -0.25053206 0.40279212 2.23544235 -0.39621449 -0.38251010 -0.45917719 -2.17762117 -1.06635788 0.08409206 0.37598218 0.09541174 -1.38389795 0.98731054 0.81199599 -0.44262726 -1.09469152 -0.60445744 0.01601881 1.04967920 -1.18308357 -0.52089766 0.34753660 -0.00401380 -0.81756252 0.03979745 0.30464894 0.80245024 0.20310536 -0.69385665 0.45033704 -0.34305935 -0.16314580 0.08378076 0.28784616 0.06497700 0.16742699 -0.28514209 1.00000000
-13.83037790 -10.64150509 -4.32626247 8.02355244 -0.87287713 2.26129616 -0.82922671 0.41703875 -3.44754466 2.51180143 2.43537696 -2.17409610 1.81322252 -0.28461779 -0.18167102 1.50665422 1.06499396 0.00373406 0.17670819 -1.27700194 0.25064658 0.09550553 -1.12037504 1.08756624 1.76233516 -0.72957458 0.15648346 -0.67329273 1.10009459 -0.34072674 0.98498240 0.70282371 1.00123884 -1.68178382 -0.90390689 0.37985348 -0.77178628 -0.46046615 0.97013099 0.03687235 -0.71096037 0.09317806 1.79490757 -0.53502977 -0.28574338 -0.65908175 1.77199952 -0.92467741 0.18736976 0.66237495 1.00000000
-6.25855445 0.46604952 8.30892516 -0.30683959 -1.31029479 -0.78914698 -1.49800972 3.95161464 -0.56194093 3.16926118 -1.77988487 0.93603404 -1.76361669 0.95020000 2.24465081 -0.94378947 -1.00412227 -0.11561814 0.63138337 0.58805754 -0.46989991 0.31470588 -0.26542380 -0.73653604 2.00223707 0.93832646 0.91608561 0.64044296 0.68585772 -1.42651091 -0.00105513 1.55127531 0.28223344 0.01285564 0.37007407 2.22286743 -1.28504308 -0.50605789 -0.49528809 -0.29198914 -0.22720065 0.43072244 0.09631349 -0.36323775 0.53828066 -0.58735974 -1.20220893 0.70642232 -0.81750254 0.81070256 1.00000000
-3.29012644 3.44663535 4.33489287 -1.69164867 -4.14406227 0.63226411 0.97693548 -1.31731663 -3.33347543 4.34935508 2.19156189 -1.92878001 -0.46900749 -0.81835720 0.44392709 2.29741661 -0.38271013 -0.09773455 0.15427219 -1.93598901 -1.72750144 0.23125973 -0.10139288 0.73402817 0.02803415 0.37328639 -0.08066965 0.46491309 -0.31723785 0.99060864 -0.39884682 -0.00818905 -0.15409562 0.56069714 0.67780615 -0.74667239 0.64576036 0.60182442 -0.05601405 -0.45645149 0.22746769 -0.27732765 0.07451063 0.87934021 -0.20517358 0.10827706 -0.08091862 -0.66947896 -0.19388460 0.53649137 1.00000000
11.31917285 -15.01261152 -7.00650121 -10.08819349 -0.03539463 1.80665634 -3.42537458 -0.89195607 1.49731947 4.28141233 0.17463303 -1.55628971 -0.19083096 -0.45085409 -0.31067434 2.49425520 0.46574009 -0.68816620 -0.84697241 -0.73441403 -0.69424191 0.42768330 0.48683509 1.54524614 -1.46657166 0.66760050 -0.13658074 -0.34212868 0.94836314 0.03787618 -0.01057984 0.96312069 0.23077952 0.24626877 -0.29617865 0.66740870 -0.40725824 0.21680752 1.58301151 -0.38181467 -0.34915616 -0.30011380 -1.77818350 0.38621310 -1.17506573 -0.85953818 -0.35116252 -0.07590415 0.05438356 0.12289371 1.00000000
-3.14161825 3.59414228 3.84763444 -1.70817908 -3.58906331 0.18799621 0.62753622 -1.08037126 -3.10233554 4.38784606 2.11749007 -2.16288284 0.15036223 -0.38771918 0.42307415 1.70815994 -0.41791054 -0.08369906 -0.34236122 -1.69040773 -1.56334814 0.29551461 0.13570469 0.08498568 -0.79651151 0.85368601 -0.10520379 -0.04450741 -0.89657067 0.08857071 -0.54085833 0.13316164 -0.43920206 0.24591542 0.07770952 0.59732214 0.56410693 0.00746775 -0.07899900 -0.49732818 0.02264038 -0.27384144 -0.12156325 0.20021122 -0.10653454 0.34480998 0.78422171 -0.94157857 -0.29756809 0.32233956 1.00000000
-3.77288273 3.08227414 4.42204862 -1.76338186 -3.87469826 -0.09450768 0.26125952 -0.84884875 -3.30438734 4.56903612 1.99166075 -2.14844618 -0.18723553 -0.31638622 0.14043455 1.99401536 -0.36251186 0.02605068 -0.49934280 -1.82077599 -1.32531946 0.28018615 0.28373374 0.24837966 -0.70329571 0.97720314 0.49685132 -0.28543938 -0.82646140 0.20351700 -0.09929366 0.45175392 -0.24463678 -0.42135917 0.30727680 0.33045198 -0.15534819 -0.14693748 -0.42296274 -0.26435851 0.22840697 0.02937009 0.02190103 0.15813960 0.37664183 0.29412923 0.12556273 -0.07590274 0.01340267 -0.26551871 1.00000000
-4.73826571 2.28619272 5.75878104 -2.01088679 -3.60726634 0.10488839 -0.16586448 -0.76159267 -2.20681321 3.71707865 1.83574938 -1.47697899 -0.45057807 -0.46965016 -0.23766524 2.75192804 -0.10362825 0.54304800 0.01620961 -1.62088737 -1.26916865 0.30963177 -0.46148089 1.31773173 0.65466138 -0.03710473 0.22144936 0.67467841 0.58890605 1.78166390 0.31150611 -0.34400488 0.63307106 0.03027564 0.96887788 -1.72492348 0.51927102 0.95852313 -1.54054182 -0.28206561 0.99609858 1.29036977 0.12873201 -0.15861705 0.21405397 -0.53640622 -0.59375460 1.21157609 -0.33654021 -0.79750062 1.00000000
-4.59995520 2.34903640 5.10860953 -1.70209321 -3.35001695 -0.72593916 -0.51628367 0.00991038 -2.78300057 4.21757057 1.37199513 -1.82462752 -0.24489737 0.11043508 0.04383148 1.52908260 -0.23575940 0.22055582 -0.74254331 -1.45045174 -0.74965759 0.21569393 0.45607962 0.12814388 -0.55636983 1.13112510 0.99976515 -0.72971794 -0.39864679 0.12210386 0.89884220 0.67820963 0.27231435 -1.00298065 0.16118653 0.26228467 -0.49301684 -0.49187142 -1.00276263 -0.42378182 -0.07002098 0.71104541 0.19014849 -0.74952330 0.71190300 0.01028245 -0.38148426 1.42148515 0.31395863 -1.28252500 1.00000000
-7.99835156 -0.47767002 7.70496688 -2.86837233 -3.49219144 0.20696923 -4.85951863 5.32922817 -0.85177599 1.32936251 -1.46296017 1.77158072 0.73272756 2.15774920 0.90616224 -0.27169730 0.78825128 -0.59341220 0.66024599 -0.28696100 -0.68999765 -0.32366935 -0.53193934 -0.36377144 1.83511236 -1.30194729 -0.44251017 0.83700210 0.80219255 -0.65539688 -0.27382267 -0.03192423 0.21682780 1.05841894 -0.48921573 -0.20858243 -0.48355676 0.75503924 0.73576288 -0.13609239 -0.29785443 0.49226224 0.37131456 0.64377775 0.70058498 -0.33691127 -0.24951155 -0.66715107 -0.79636729 0.20990491 2.00000000
-8.55067668 -0.18715158 2.43887215 -3.40402106 -1.78743374 1.42345617 -1.64222651 -1.11869762 0.17500962 1.17458927 0.26732951 -0.27754946 2.36136863 -0.07482912 -2.51774810 0.12700811 0.58880037 1.61405485 -0.73837387 -0.03198973 0.95620681 -0.44212062 0.51744814 0.67340577 -2.88977103 0.72819964 -1.15717290 -1.33848779 0.25527240 -0.16917877 0.45210923 -0.72477015 -0.33670646 0.32042952 0.78926014 -0.00445043 -0.25277658 -1.15285510 -0.21727948 0.97170051 0.12792524 -0.42180449 -0.66944388 0.14831647 -0.29190498 0.70518651 0.00678278 0.25135482 0.00770898 0.49352944 2.00000000
-10.99152922 -3.24001623 5.31177955 -1.78454289 -2.02091049 1.92110229 -4.31962929 3.17992472 1.74755145 -0.15210671 -2.13965150 2.02504074 1.19352694 2.03444057 -0.48649390 0.59221414 0.46973658 0.01965480 0.45636824 -1.08839965 -0.26215969 -0.68021980 0.73474236 -0.05509064 -0.41435263 -1.32847688 0.56313287 0.54383194 -0.13757911 -0.40231519 -0.50901180 -0.21753365 -0.38723808 -0.24498479 0.37222436 -0.61489841 -0.29388527 0.78602927 0.15387911 0.48444809 0.10934565 0.02517293 0.50404224 0.13993517 0.02424585 -0.17063734 0.54578714 0.21030227 -0.12724773 -0.55013258 2.00000000
-15.37582824 -9.84885500 2.06240926 5.81629906 1.07534182 2.88305724 -2.45690853 4.06979749 -1.83833184 1.87189992 -1.80701830 -0.09344904 0.08264196 1.01617319 1.61713995 -1.29556635 1.70908423 -1.05526267 1.72662104 1.18452118 -0.17092115 -0.78742385 -0.56344230 0.98853725 0.05072193 0.77786457 -0.61451675 1.06545510 -0.10135115 -0.94960030 -1.16790382 1.31480510 -1.00946739 1.67632401 -0.57950776 0.02779918 0.49004629 -0.45211472 0.50616759 0.09246733 0.06755225 -0.06986020 0.02065727 0.81675386 0.93068598 0.44860108 -0.66294807 -0.22643781 0.38008578 0.49085713 2.00000000
-10.49648682 -2.45825574 4.81904047 -2.75466892 -1.73825895 1.66666454 -4.72415748 3.16666710 1.43209972 -0.17175493 -1.50371718 1.83797523 2.17346627 2.50836047 -1.16004420 0.25823098 0.96020679 0.80015717 0.05897721 0.50656275 0.38905311 -0.31931392 0.78253294 0.34533542 -0.52497291 -0.78694311 0.01265401 0.38042461 -0.23942814 -0.38867529 -0.50411923 -0.17182038 -0.38645972 0.06917229 -0.06260779 0.10944379 -0.25822274 0.07922232 -0.63088166 -0.35996602 -0.15577947 -0.03332152 0.44457702 0.01497544 0.15278873 -0.01004800 0.35424913 0.20004919 -0.32080374 0.04695665 2.00000000
-10.49648682 -2.45825574 4.81904047 -2.75466892 -1.73825895 1.66666454 -4.72415748 3.16666710 1.43209972 -0.17175493 -1.50371718 1.83797523 2.17346627 2.50836047 -1.16004420 0.25823098 0.96020679 0.80015717 0.05897721 0.50656275 0.38905311 -0.31931392 0.78253294 0.34533542 -0.52497291 -0.78694311 0.01265401 0.38042461 -0.23942814 -0.38867529 -0.50411923 -0.17182038 -0.38645972 0.06917229 -0.06260779 0.10944379 -0.25822274 0.07922232 -0.63088166 -0.35996602 -0.15577947 -0.03332152 0.44457702 0.01497544 0.15278873 -0.01004800 0.35424913 0.20004919 -0.32080374 0.04695665 2.00000000
0.31109445 -7.24990280 1.38145907 -7.42012705 1.06369411 0.55814707 -5.12870216 2.28607290 2.40938556 1.76690014 -1.46559571 1.55444243 0.29391246 2.05194453 0.90026905 1.13387828 -0.59597381 -0.52270519 -0.40545564 -0.44647608 -0.51344556 -0.28322191 0.14371813 -0.76212906 1.13212934 1.58152986 0.24275546 0.45866649 0.56889620 -0.44330833 -0.88970994 0.52798663 -0.25492070 2.22823906 0.93889379 -0.24252759 0.42439367 1.28083188 2.08163960 -0.02602312 0.34933274 0.66724993 -0.33803039 -0.65253927 1.50580070 -0.52996977 -0.70153075 -0.38348128 1.03308175 -0.35223216 2.00000000
-10.47403659 -2.32744469 5.02989169 -2.63115163 -2.24205155 1.76424685 -4.01544576 2.20837409 1.73487823 0.11965454 -1.40424794 1.52432152 1.47593466 1.77085842 -1.39702149 0.23452149 0.75455723 0.71668902 0.36154037 0.14909263 0.48325056 -0.54578571 1.01104298 0.35367558 -1.07331926 -0.35193507 0.17540356 0.21595940 -0.71124750 -0.30287762 -0.37055050 -0.00006159 -0.56977563 -0.39112295 0.44303856 -0.24311320 -0.19073222 0.04021062 -0.59747566 0.25132396 0.16630745 -0.24652234 0.35380658 -0.28406954 -0.49230191 0.11209295 0.69862947 0.08320400 0.08053475 -0.30437555 2.00000000
-10.44303491 -2.31789201 4.70923433 -2.84279178 -1.62029592 1.67896265 -4.74155750 3.11579209 1.35988399 -0.19878996 -1.41956273 1.73086211 2.17893697 2.51922153 -1.17794102 0.21858766 1.01163658 0.76077298 0.02575844 0.72678598 0.43555475 -0.28021739 0.72625203 0.38656373 -0.50002817 -0.75465225 -0.12445121 0.37891722 -0.20270264 -0.23170610 -0.52409977 -0.24338214 -0.39067590 0.18651233 -0.10267526 -0.00939927 -0.24795826 -0.01087488 -0.58058881 -0.47198490 -0.15865721 -0.01986773 0.31758981 0.01342862 0.04831455 0.08471167 0.35865263 0.20275746 -0.34363337 0.10498902 2.00000000
-9.98480613 -2.12739337 4.10263988 -2.74796113 -2.45989463 1.48777629 -3.66462400 0.99311397 1.57342229 -0.81315395 -0.90404153 0.65112034 1.11424818 0.66004649 -2.34008165 2.37589570 1.07040816 1.32966745 1.32029092 -1.60446095 0.64381200 -0.26849468 0.45639453 0.94267865 -0.60828354 -2.41645012 0.74010064 -0.13355782 0.20224624 1.59671414 0.25657582 -2.27368458 0.60427463 -0.92109849 0.87220423 0.19246798 0.89149600 0.81995285 -1.13912871 1.21865383 0.66453470 -0.49864517 -0.27766082 0.34484000 -1.09523133 -0.28934631 0.10397340 -0.44121846 1.17037524 -0.11153612 2.00000000
-9.91257554 -1.27041130 3.52256291 -3.28168334 -1.66823291 1.17000555 -3.70950221 1.05965863 0.53801830 0.61473138 -0.71042937 0.80748258 2.05111787 1.47217682 -2.19918490 0.02056234 0.69850201 1.17902898 -0.67896955 0.96327796 1.01553839 -0.47898173 0.56594025 0.91411153 -1.73658426 0.43809764 -0.60381587 -0.63213858 0.07585582 -0.00858191 0.46675606 -0.55972624 0.06029527 -0.23928811 0.35928967 -0.11920227 -0.31967735 -1.18826077 -0.88221326 -0.00718462 0.26743657 -0.38390445 -0.26562373 -0.66571685 -0.41970327 0.50353091 -0.01242520 0.59057570 -0.17695281 -0.17099255 2.00000000
-3.87571064 3.42883874 -2.33605321 -2.98045337 2.53512672 -2.14016748 0.42413943 -2.90006025 -2.89745936 0.19837590 1.36340710 -0.06597097 -0.04458770 1.63415048 -0.98992915 -1.02017010 -0.50446094 -1.48525055 -1.29860331 0.73492485 1.30822016 0.53289291 -0.11471185 -2.20021600 1.12455905 -0.20027229 0.45949436 1.94864463 -0.51661079 0.90503362 -1.25313624 -0.44315241 0.21505801 -0.64865131 0.54038088 0.25090488 -1.40419194 0.24043270 0.36421669 1.08170385 1.02472719 0.24347748 -0.32795995 1.04829315 0.91659277 0.86410717 0.81425495 0.29184693 0.84215393 -0.82085192 3.00000000
-0.77283541 5.87126357 -3.09740258 -0.95443545 4.67893421 -0.92857396 -0.22189875 -1.11413186 -3.14621086 0.80962791 0.62512082 0.51764207 0.84183819 1.64183202 -0.36998382 -1.00578437 -1.40210884 -1.10510770 -0.95737770 1.34528652 2.28674941 -0.10413102 0.48162591 -0.72767930 1.25025114 -1.21028585 0.32430376 1.52621979 -0.70391346 2.36868389 -0.61376082 1.58651059 -0.21306645 -1.96118246 0.44971715 -0.47083746 -2.24068775 0.45773806 0.38932714 2.71299999 1.00708418 0.38196907 0.68640034 -0.45558357 -1.14628765 0.13806862 -0.27352014 0.25250572 -1.48431396 0.12420248 3.00000000
3.12415973 7.10757374 -3.98435546 2.32361574 2.84106448 -1.77316198 -0.25793678 3.12022264 -2.23519827 1.18287976 0.99045549 2.08194956 -3.15974371 0.66553794 -0.72110285 2.11342902 -0.43308423 -0.34865015 -0.41407584 -0.22505854 2.97322733 -0.10054008 -0.28105966 0.46651471 -0.51257161 -0.36210254 0.11371566 -0.07336101 0.27511312 -0.32102485 -0.35679338 -0.30639917 -0.03572819 0.71770259 0.35211423 -0.29218637 0.84253257 -0.22079525 0.19234665 -0.27597650 -0.27136971 0.09528924 0.06490482 -0.07938394 0.17036053 -0.27233052 -0.10353204 -0.46121151 -0.28539048 -0.06846114 3.00000000
-13.82179464 -10.91656570 -6.57736289 7.56578091 5.04553816 0.79944035 0.31610885 -1.09826089 -2.66272402 -0.05260656 2.16598135 -0.85941589 1.16081298 0.56679689 0.24193438 -0.73956143 -0.37426040 0.64920958 0.63074851 1.04287023 1.22369947 0.36026357 0.52681956 -1.31295194 0.49275485 0.31991716 0.46781687 0.92655932 -1.48487539 1.66422039 -1.23525774 0.09557479 -0.28412670 -0.84608028 0.04616948 0.66886226 -0.02356450 0.54199539 -1.12130359 0.09870008 1.13954316 0.66882753 -1.77608833 0.09896629 1.62496710 -0.52493641 -0.63129029 -0.07940066 1.33546248 -0.01617244 3.00000000
3.15112368 7.42427938 -3.60853780 2.60990589 2.20702015 -1.17295780 -0.11651983 3.23323589 -2.32004175 1.76935527 0.88124243 1.95606563 -2.92763540 0.84216882 -0.77547448 1.87855192 -0.70492791 -0.64880102 -0.16201225 -0.24044283 2.98549263 -0.24484183 -0.04192327 0.45769587 -0.82555124 0.26059374 0.27960556 0.09103853 0.24765921 -0.86367682 0.04086112 -0.07187588 -0.02056035 -0.10561783 -0.06647879 -0.59147088 0.59878446 -0.28213729 0.16089846 -0.30798558 -0.46413122 0.05967720 0.18276181 -0.23082305 -0.44267159 0.33311739 -0.38507705 0.22654801 -0.06407981 -0.08869575 3.00000000
3.15112368 7.42427938 -3.60853780 2.60990589 2.20702015 -1.17295780 -0.11651983 3.23323589 -2.32004175 1.76935527 0.88124243 1.95606563 -2.92763540 0.84216882 -0.77547448 1.87855192 -0.70492791 -0.64880102 -0.16201225 -0.24044283 2.98549263 -0.24484183 -0.04192327 0.45769587 -0.82555124 0.26059374 0.27960556 0.09103853 0.24765921 -0.86367682 0.04086112 -0.07187588 -0.02056035 -0.10561783 -0.06647879 -0.59147088 0.59878446 -0.28213729 0.16089846 -0.30798558 -0.46413122 0.05967720 0.18276181 -0.23082305 -0.44267159 0.33311739 -0.38507705 0.22654801 -0.06407981 -0.08869575 3.00000000
13.52438582 -12.55117966 -8.72016165 -10.20209836 4.84024130 1.42602076 -1.07592668 -2.60169553 1.33615129 2.74141251 -1.14904597 -0.84659437 -2.22901988 0.61527924 -0.47562067 -1.48488782 -0.11326270 -1.49764304 -1.64520796 -0.19537258 0.84666639 0.32694119 1.03662565 0.71803391 -0.25673417 0.21313508 -0.02170799 2.02890666 0.27268761 0.90329476 -0.57785952 0.43607771 0.96989436 -1.00551559 0.39883982 0.57352414 -0.74201095 -0.14170911 -0.58986146 0.28315420 0.57204909 0.10391291 -0.05475772 0.83953794 0.03497220 0.59229647 0.34274072 0.68047565 0.43102570 0.28794549 3.00000000
2.35855726 7.07548760 -3.93056741 1.94393391 2.16051034 -0.98423793 0.25557843 2.52009901 -2.37147316 1.32204362 0.49076909 1.85971269 -2.68208419 1.34660933 -0.62570081 1.02927258 -1.00345392 -1.02357908 0.29274228 -0.15713627 3.45614435 -0.17064781 0.34707456 0.47488783 -0.81613298 0.17425591 -0.33083413 0.28790374 -0.12054195 -0.47414572 0.44408556 0.47473345 0.41527618 -0.88550693 -0.13463003 -0.68389491 -0.11147554 -0.55717746 0.07122350 0.36417698 -0.26901502 0.14992778 0.37222643 -0.19809975 -0.17744964 0.37297625 -0.37103384 0.09051069 -0.11626180 -0.34777031 3.00000000
2.55972458 7.07599795 -3.82940702 1.92353220 3.03999681 -1.75984170 -0.10425770 2.63175446 -2.77223596 1.20151438 1.03863213 2.19264432 -3.32756507 0.72500907 -0.62572068 2.00984856 -0.63138769 -0.35965104 -0.38905010 -0.27280150 2.99753681 -0.10587254 -0.16601279 0.57242419 -0.67518484 -0.54026378 0.02909645 0.18310122 0.22826006 0.13555085 -0.22083281 -0.02897582 -0.31364136 0.43413778 0.35785119 -0.19349781 0.90104349 -0.04891487 0.28323913 -0.08900707 -0.43496532 0.11366050 -0.02772048 -0.23516447 0.10411905 -0.29825051 -0.09567309 -0.25331650 -0.35952100 0.11817429 3.00000000
5.49283696 6.70051590 -2.32739875 4.24176150 -0.04814183 -0.05915553 -0.05726561 2.44690663 1.41640890 0.85433462 -0.74011805 -0.92164584 -2.17714415 0.42315464 0.15118463 1.93912555 -0.26871392 0.35549648 1.46570410 -0.53655576 1.33500017 0.10096165 0.45297650 -1.45358398 0.08803922 1.34370759 1.02094546 1.00598226 0.21159026 -0.21396411 -0.70949139 -1.39402255 0.98521497 1.47472082 -0.64103455 0.18607376 -2.97863780 -0.35103051 -1.39735895 0.80447001 -1.25131057 -1.77036936 -0.05017120 0.54106818 0.54430113 -0.46867344 1.56699811 0.15563168 2.25994980 0.31961299 3.00000000
2.83926705 6.77739312 -3.88074666 2.06123679 3.30847421 -1.85080550 -0.34435188 2.30755769 -2.03504587 0.73852661 0.76846677 1.87452095 -3.70632630 0.57087783 -0.29671398 2.43822103 -0.17900671 0.29733448 -0.75995404 -0.41704817 2.34733833 -0.01438676 -0.02837280 0.38308502 -0.52215840 -0.85585718 0.30615321 -0.33323796 0.29075922 0.42361174 -0.58126633 -0.72696395 -0.23361103 1.36343189 0.44565012 0.20539845 0.59311903 0.15873545 0.45228092 -0.22043395 -0.27468811 0.21138914 -0.10300103 0.07028082 0.49210544 -0.35734277 0.37043873 -0.40061001 -0.13451085 0.39370409 3.00000000
-5.98780121 1.40656695 1.08670488 -5.04704702 -2.38604030 -0.56065006 -2.85983422 -0.88130815 -2.01482282 -1.87574405 3.20688917 -1.49837438 -1.56173363 -1.08104029 0.00656912 -1.66962054 0.34239106 0.22353280 0.12333395 -0.43075263 0.32717446 -0.29938339 0.24858393 -0.69216450 0.44114513 -0.92248961 -1.58137366 -0.35867323 1.71250485 -0.83177683 -0.07547564 -1.16403155 0.12181473 1.13136898 0.34649689 0.20313386 -0.33968249 0.01098322 -0.52972885 1.43727681 -0.48773047 0.73252729 0.01855887 0.00708857 0.15703067 0.76452621 -0.91355089 0.52394155 -0.76381544 -0.78799922 4.00000000
-7.86763212 -0.71387034 2.30461189 -4.49539136 -2.38885231 0.11599259 -3.90389729 0.44245503 0.95925921 -4.79224269 2.46026615 -0.98630504 -2.59573215 -1.15904098 -0.20721562 -0.47831187 0.23556028 -0.50139949 0.39711114 -0.63453065 0.38090314 -0.74983117 0.16705524 0.05559224 -0.04383553 -1.48789455 0.19514296 -0.15668965 -0.99648209 0.99119560 0.29027027 -0.25131436 -0.31935951 -0.91279200 -0.94637362 -0.86406076 -0.34924582 0.37454750 0.79155612 -1.33731714 0.90270028 0.03767197 -0.39416872 0.96621933 -0.51431424 0.10523625 0.24852537 -0.79826846 -0.09514109 0.67214305 4.00000000
-7.53407662 -0.19623108 1.80498618 -5.15038934 -1.90848399 -0.86735941 -3.32638580 -0.25820056 0.21226387 -4.38203241 2.74789677 -2.05495854 -2.57785299 -1.16158609 -0.04552175 -0.90205899 -0.17782216 -0.31108720 0.44065932 -0.27584375 0.35815959 -0.08692122 0.03218402 -0.21961323 -0.28721764 0.03137222 0.56919168 -0.13539773 -1.04250779 -0.33472111 0.00228736 0.21443180 -0.08524566 -0.25761913 -0.70089943 -0.34468641 -0.09691507 -0.56563089 -0.19498847 0.11471532 -0.18106355 0.15663305 -0.31724873 -0.55015117 -0.04251198 -0.45786649 -0.22965110 -0.41780945 -0.26688177 0.12526468 4.00000000
-13.06238169 -8.65436860 -3.42453320 4.72383737 -0.97616786 1.19482190 -0.94181988 0.64022168 -2.43917678 -0.36955421 3.08735252 -1.07517944 -1.28899073 -2.28831403 0.39119636 -2.48646613 0.69359270 0.74450371 0.39257975 -1.70498570 0.38315809 -0.06697623 -0.30057994 -0.06715617 2.32330556 -1.24702581 -2.50543858 -0.55966547 3.41745126 -1.05719355 2.32432786 -0.39732456 -0.13990279 0.15322693 0.60163267 -1.60961083 -0.47684251 1.23696036 0.03212363 -0.00935790 -0.63746498 -0.45436496 1.55711971 1.04201604 -0.12631616 -1.10354417 -0.11251548 0.88984235 0.50626158 -2.00692630 4.00000000
-6.56471208 0.77127089 0.89853369 -5.06202773 -1.46019917 -0.81533792 -2.21076293 -1.30051077 -0.41146050 -3.67993109 3.08868390 -2.21966189 -1.91627647 -1.68967483 -0.03493295 -1.91357076 -0.12877030 -0.21819037 -0.09285203 0.04011118 0.19312054 -0.19758931 -0.24665918 0.15054418 -0.95512432 0.56188148 -0.71043158 -0.74257540 0.76321005 -1.11851722 -0.32426255 -0.54288095 -0.20345346 0.64392641 0.22840245 0.78585713 -0.44290966 -0.33986667 -0.09616302 1.24633437 -0.40763997 -0.46516440 0.61986076 0.23052294 0.57216248 0.88060081 -0.33799920 0.47476144 -0.10893527 0.57167077 4.00000000
-8.20841013 -1.04380558 2.43911611 -4.78012092 -1.96656126 -1.01762793 -4.12748948 0.97089514 0.88107588 -4.74588419 1.63951836 -1.45796389 -2.92105420 -0.48153809 0.44351739 -0.47057458 -0.25536217 -0.29193151 0.48474571 -0.22433008 -0.04872632 -0.11725644 0.01750755 -0.40542647 0.72843990 -0.35787702 1.38603197 0.62774191 -1.76793208 0.31709094 -0.07503438 0.80714888 0.00932840 -0.63672356 -0.91968182 -0.15648974 0.55370543 -0.39927405 -0.06458133 -1.15901552 -0.38023413 0.44980274 -0.74036638 -1.03719587 -0.26863860 -0.96841374 0.07546436 -0.25891378 0.02840787 -0.90302494 4.00000000
10.28910116 -13.25318495 -8.24242763 -11.13486402 0.51460933 2.06849382 -2.52496257 -2.02466302 1.57691018 1.59252202 0.06060125 -0.88547740 -1.21022835 -0.52486621 0.03471825 -0.61075763 0.03152335 -0.98666680 -0.71455921 -0.16358189 0.40914870 0.05329040 0.67931800 2.01553218 -1.19739842 -0.00161354 -0.42447964 0.14755936 1.91102751 -0.27391449 -0.04301215 0.22928413 0.58973711 1.13942877 0.68734867 0.81263482 -0.85328606 0.17829599 0.69129723 0.35396703 -0.91566264 -0.47240317 -1.24029474 0.54758826 -0.88710306 -0.73020926 -0.22081675 0.49062062 -0.31791742 -0.23325613 4.00000000
-8.20841013 -1.04380558 2.43911611 -4.78012092 -1.96656126 -1.01762793 -4.12748948 0.97089514 0.88107588 -4.74588419 1.63951836 -1.45796389 -2.92105420 -0.48153809 0.44351739 -0.47057458 -0.25536217 -0.29193151 0.48474571 -0.22433008 -0.04872632 -0.11725644 0.01750755 -0.40542647 0.72843990 -0.35787702 1.38603197 0.62774191 -1.76793208 0.31709094 -0.07503438 0.80714888 0.00932840 -0.63672356 -0.91968182 -0.15648974 0.55370543 -0.39927405 -0.06458133 -1.15901552 -0.38023413 0.44980274 -0.74036638 -1.03719587 -0.26863860 -0.96841374 0.07546436 -0.25891378 0.02840787 -0.90302494 4.00000000
-7.81883126 -0.52511626 2.91682875 -4.54752330 -2.13501641 -0.25309960 -4.07586096 0.65210339 0.63205599 -4.48224895 2.75729155 -1.64243472 -2.93050769 -0.98677006 0.07681974 -0.97405416 0.24329584 -0.59164858 0.41527627 -0.55935116 -0.15934637 -0.37233685 -0.38602271 0.34655624 0.38096018 -0.57139218 -0.00111012 0.55623633 -0.78556736 0.38799963 -0.33910875 -0.03105918 -0.44743125 -0.49445875 -0.89910327 -0.68052905 -0.06738473 0.49477947 0.34875139 -0.55730838 0.58734525 -0.28374252 -0.10827532 0.28576529 -0.33020380 0.34747285 0.11777394 -0.39073932 -0.10391851 0.72580858 4.00000000
-7.33815945 -0.19110278 1.14134912 -4.91264183 -1.34645738 -1.27573351 -2.73625035 -0.77338579 0.26880281 -4.40220439 3.00393235 -2.37655241 -2.72574368 -1.99065952 -0.05692071 -1.28771318 -0.09042418 -0.39653014 -0.06130398 0.10377479 0.31046337 -0.23758633 -0.02995213 0.42989473 -0.51859925 0.62353666 -0.05673520 -0.24428310 -0.17573360 -0.38656346 -0.32312034 -0.07826284 -0.28984330 0.18588726 -0.19448766 0.04591264 -0.38976623 -0.21949396 0.11370781 0.71011884 0.54078013 -0.58736923 0.31972782 0.14022115 0.46442215 0.51039000 -0.10327304 -0.12573635 -0.17510007 0.86392710 4.00000000
-7.22223240 0.18961481 0.93705620 -5.27820537 -0.99454874 -1.37737520 -2.94991706 -1.06848420 -0.07438785 -4.18466788 2.65099785 -2.39256168 -2.13040608 -1.56934520 -0.07223862 -1.39932635 -0.04906302 -0.24011388 -0.32938913 0.00020344 0.32553850 -0.31271136 -0.11610951 -0.09513075 -1.02160576 0.73463045 -0.05376044 -0.79972562 0.25070086 -0.99571547 -0.15284399 -0.20045436 -0.31297605 0.52169103 0.12585262 0.69443012 -0.38357599 -0.64977342 0.20524988 0.93171724 -0.00286941 -0.58127647 0.59341652 0.21688936 0.46302160 0.82919609 -0.21160336 0.72230875 0.16196721 0.63085255 4.00000000
-5.69032079 0.91457859 6.14125126 -1.10954101 1.44943605 -0.50432769 1.83450405 -0.53505510 1.31642141 0.90587900 -0.73469232 1.71495046 -1.34800435 -0.58933506 -0.72725542 -1.03511868 0.58841617 0.81421016 -0.08521804 0.54148063 0.35542920 0.20001289 -1.05994948 -0.43277435 1.17894681 0.49994521 0.34416741 0.18840334 0.30057070 0.01519707 0.69309504 0.57135642 -0.04766306 0.32422605 0.30544955 -0.06229376 -0.31628662 0.07391545 0.77183892 -0.69110703 0.89318328 -0.28050443 -0.27739980 0.28602436 -0.27102765 0.51878252 0.09222140 0.01926459 0.97963315 0.09275848 5.00000000
-4.53365247 2.19181269 6.83923190 -0.81794887 3.04910406 1.82808707 3.18828852 -2.28255714 2.72399749 0.53513498 -0.26518632 2.02506751 -0.99713245 -0.85564334 -2.04352360 -0.27927565 1.28817991 0.49483117 0.18414350 -0.54194588 0.17461354 0.41358600 -1.52426922 -0.26289428 0.32335676 -0.39238133 -0.02035089 -0.03045684 0.36178644 0.29056668 -0.26804126 0.03287170 0.02291294 0.10780818 -0.28861430 -0.06754044 -0.18659271 -0.14493757 0.27896306 0.10574316 0.21990682 0.16018664 -0.11608211 -0.10170483 -0.17198602 0.00245511 -0.00789909 -0.26701107 0.02488266 0.05040938 5.00000000
-4.67663547 2.16222573 6.91253290 -1.02238084 2.47310530 2.11770707 3.30946702 -2.67141138 3.06833636 0.83224150 -0.15511395 1.97197737 -0.89935173 -0.91431853 -2.23313789 -0.44697204 0.89896581 0.63309674 0.19479195 -0.84083225 -0.02848362 0.44406928 -1.37720661 -0.40566181 -0.06419397 0.36843823 0.06747382 -0.24081134 0.13893266 0.02938581 -0.15941879 0.28862134 0.05488793 -0.33819884 -0.11717508 -0.10093395 -0.32751508 -0.45153173 0.13679956 0.47287657 -0.17294282 0.36253784 0.27888623 -0.08216682 0.14532577 -0.17270253 -0.12839071 0.09243550 -0.24599907 -0.10697783 5.00000000
-13.16904510 -9.13939930 2.03299064 8.63572939 3.39481953 3.52185302 1.42789598 0.10820991 -0.80019655 2.75309504 0.30279625 0.28142970 -1.32978900 -1.44869773 -0.42054280 -0.77396596 1.50978649 1.26526313 1.40161851 -1.06722761 -0.13039985 -0.38370988 -1.58683925 0.68924175 -0.35048007 -0.07193958 0.02846532 -0.05175759 -0.21158361 0.26501083 -0.33935718 0.34467523 -1.11309885 -0.26131063 -0.06662732 0.59195857 0.17227660 -0.46874841 -0.60340275 -0.49856972 0.88246194 -0.77067039 -0.94415363 0.35464105 0.15882329 0.72689342 -1.47061973 0.94056798 1.24508024 0.75477459 5.00000000
-4.88638665 1.88305026 7.32963578 -0.74593078 2.83708612 1.65161481 3.19888071 -2.03567637 2.86638499 0.61402111 -0.57196654 2.14810692 -1.49841524 -0.90580705 -1.99001099 -0.10832300 1.20350187 0.51221632 0.36847643 -0.59381089 -0.13740415 0.43546718 -1.68892578 0.00764103 0.46707922 -0.25838510 0.02426061 0.12542073 0.00326561 0.52442412 -0.21611408 0.29952688 -0.06416549 0.20403703 -0.35568737 -0.17460632 0.10029390 0.16043946 0.23138565 0.05526182 0.46792181 -0.17656446 -0.07611357 -0.19230265 -0.44322608 -0.16453338 0.12175031 -0.13105108 0.17164877 0.13500887 5.00000000
-4.37422063 2.39259349 6.86831320 -0.82238146 2.68772965 1.97141595 3.59148716 -2.58181360 2.84290129 0.79042068 -0.12144094 1.95416996 -1.14795896 -1.19268238 -2.15907412 -0.32450442 1.11819004 0.53062823 0.23771657 -0.86958109 -0.08228204 0.40354509 -1.63901914 -0.18246125 0.32227363 -0.13937011 -0.16527760 0.03945783 0.33076465 0.28381830 -0.25719806 0.04295728 0.15187507 -0.09414025 -0.37765760 -0.05278155 -0.11037760 -0.18512784 0.12596319 0.27903799 -0.05672147 0.27716708 -0.03115938 -0.05812650 0.03930771 -0.04810395 -0.01944873 -0.00667776 -0.09638342 0.02355433 5.00000000
11.14519040 -14.98005844 -5.06041983 -9.05707210 4.00398391 2.70948870 -0.70844138 -1.73747675 5.31613439 3.05681173 -0.25749461 0.96744103 -1.61614405 -0.05097097 -1.60335932 -0.13013171 0.72001790 -0.89174989 -0.16822735 -0.47851843 0.18227150 0.64235499 -0.65604792 0.64907264 0.12483956 0.97683328 0.14417334 0.35275236 0.46695625 -0.27446229 -0.35720496 0.22898208 0.81715536 -0.55013777 -0.08705530 0.25855087 0.04089800 0.39770846 1.02481071 -0.37951907 -0.19496076 0.05555329 -0.48909952 -0.34571609 -0.00912558 -0.82423526 0.59178773 -0.49197093 -0.09432072 -0.55597988 5.00000000
-4.21641751 2.57881920 6.58948915 -0.85199307 2.62418604 2.21148877 3.47446652 -2.67578639 2.78574815 0.93698322 -0.11009552 1.87061085 -0.69590524 -1.00583708 -2.01872954 -0.54247996 0.85096106 0.57984715 0.07928111 -0.94011329 -0.04733523 0.26677157 -1.40606268 -0.44692981 -0.19272062 0.13112825 -0.20922989 -0.21547306 0.36843720 0.00799352 -0.30440175 0.10922587 0.18306805 -0.34179800 -0.22983550 0.36352516 -0.22585298 -0.61523826 0.18288033 0.09339774 -0.58819704 0.28454131 0.10710508 0.18716337 0.39868752 -0.03024518 -0.06879235 0.12367983 -0.44527042 -0.13817429 5.00000000
-4.17870421 2.56866825 6.50997328 -0.82761274 2.71490034 2.04747862 3.61088595 -2.68312350 2.65993359 0.93540764 -0.10919996 1.81014513 -0.73109039 -1.05449436 -2.00882185 -0.40930810 0.89026921 0.50683454 -0.00366669 -0.89282736 -0.08877414 0.24074928 -1.48031081 -0.22465826 0.03884248 -0.05451610 -0.22200290 0.08019238 0.43485184 0.04338967 -0.27210805 -0.00504831 0.15784460 -0.24611156 -0.29591728 0.16175496 -0.26214114 -0.47145902 0.08738873 0.16120160 -0.48654537 0.35311799 0.03800938 0.13590459 0.52752761 -0.06052833 -0.13648458 0.26359202 -0.50478316 -0.18734516 5.00000000
-5.29352030 1.55976021 6.92334844 -1.14784305 2.37788214 1.75848343 2.79297783 -1.74094651 3.24569660 0.22786653 -0.35478822 2.38522706 -1.17237265 -0.55622604 -1.86410101 -0.47572347 1.02012367 0.62453480 0.32325362 -0.48232042 -0.17170692 0.77154926 -1.31213924 -0.46754654 0.04879491 0.06726171 0.44236426 -0.47230495 0.00510285 0.16828485 -0.17926825 0.62478119 -0.04715492 0.30854958 -0.16531062 0.60978915 0.07727836 -0.26931106 0.04255357 -0.05765978 -0.14088302 -0.30218697 0.32923187 -0.33539061 -0.58280476 -0.41728439 0.21184981 -0.43548797 0.27746122 0.16719989 5.00000000
-4.62643711 2.08106954 6.81588295 -1.00004050 2.64054341 1.88669881 3.30410943 -2.52019902 2.86730712 0.55015961 -0.11723485 2.07690968 -1.04606256 -1.06903842 -2.16289569 -0.40579766 1.13114085 0.65814677 0.20603449 -0.80933694 -0.16212662 0.38872765 -1.74983410 -0.35124084 0.14883983 0.05112599 -0.15809489 -0.12810888 0.14294489 0.22849550 -0.27292791 0.06264603 0.11510096 0.01228471 -0.33657098 0.10618055 -0.06734483 -0.25166919 0.11322243 0.39921291 -0.13347840 0.33030280 -0.04668276 -0.11622727 0.07403932 -0.13471869 0.07682321 -0.04506783 -0.15296217 0.10821204 5.00000000
12.77538862 -0.91093291 5.17861319 5.35042441 -2.87184690 -0.01163005 -2.40223168 -0.02122814 -3.82844215 2.09604939 -4.47119982 -2.42482595 -3.05592897 -0.74845384 -5.55889453 -1.64394654 -4.64526654 -0.64020729 1.73772905 1.72653031 -2.00399081 1.41052077 0.27606099 0.03471693 0.32466796 -1.45035819 0.36994473 0.58964996 0.15792064 -0.43522512 0.85388987 -0.90145081 -0.03583773 0.63586712 0.07256374 0.74914533 0.02981800 0.41037947 0.71304392 -0.03647408 0.15281117 0.08831352 -0.12736983 -0.70303555 -1.44793659 0.56894151 0.12115139 -0.44620932 0.73541870 -0.70520552 6.00000000
19.49110369 -9.86750203 7.31493233 -2.66134952 -0.36093792 3.10321097 4.85453248 4.12174954 -2.93382421 -1.25403337 1.69046293 -0.12859177 0.32287753 -0.19512909 2.45850633 -0.17745607 2.75782783 0.00853103 0.95743362 0.94662344 0.69791615 5.80041308 0.69523477 -0.53649412 -1.08738026 -2.01588260 0.00445798 0.05232027 -0.94271292 -0.54839688 0.05736299 -0.17175167 -0.00594265 -0.18503907 0.22281134 -0.19449938 0.03357525 0.40902590 0.43699315 0.04718434 -0.46867851 -0.07051876 0.01412041 -0.18982924 -0.28095534 0.27007567 0.29131959 0.09080082 0.11189655 0.49687905 6.00000000
18.32090273 -8.39249609 6.34848230 0.24683812 -0.77176686 2.04541253 3.94488746 1.90192416 -2.76779553 -4.25203821 0.28794799 -0.40435238 0.86630531 1.53134579 -1.46772181 0.62772592 -1.31017366 0.87816478 -1.21781757 -0.70889227 -0.16560411 -3.23957652 -0.25983829 -0.14209734 0.54328740 1.02451053 0.12640345 0.20984421 0.73449537 0.44074628 -0.17852526 0.23557446 -0.37782632 0.17461438 -0.29227115 0.04424888 0.16931022 0.09131621 -0.01745608 0.18024413 -0.08133819 -0.06050020 -0.12135748 0.02652093 -0.29107118 -0.19552454 0.04135484 0.17210448 -0.15385033 0.32700781 6.00000000
-2.86971855 -13.36939750 -3.98271828 11.48287597 1.99535133 2.59772787 -2.98614188 -2.88396571 -1.93551626 -1.97504493 -3.58183900 -1.04399809 -1.36776937 0.05946178 -5.09068959 0.55707435 -2.93781661 0.27710353 -0.41929249 1.17620342 -1.20421246 2.21170849 -0.52869385 -0.27488155 -2.15033236 -0.18056613 1.74339622 0.17320375 -2.83450648 0.65155782 3.05090535 0.54220387 0.41465677 2.36972776 -0.56224211 0.75894414 -0.87655175 1.69820661 -0.27817119 0.12230850 -0.59022515 0.40978905 1.67815512 0.45971291 -0.00285292 0.18556649 -1.29243988 0.15716791 -0.64763356 -0.49219348 6.00000000
18.16491865 -8.08404113 5.94486946 0.86148807 -1.04112478 1.81042681 3.42088216 1.38368250 -2.74578161 -4.29238852 0.04635355 -0.39277524 0.72424865 1.44310730 -1.95563096 0.40855379 -1.83955204 0.79219742 -1.31125969 -0.71757172 -0.24375825 -3.69356714 -0.37612971 0.04707114 0.53594449 1.28723540 0.19347629 0.22437753 0.64959219 0.31212660 -0.27409165 0.26095830 0.05946911 0.05891569 -0.35231007 0.21966032 0.39750255 0.09566093 -0.07317393 -0.12447565 -0.31020644 -0.20422858 -0.10018864 0.10179160 -0.57359842 -0.34824093 0.33242896 0.30319309 -0.08899067 0.33378939 6.00000000
18.16491865 -8.08404113 5.94486946 0.86148807 -1.04112478 1.81042681 3.42088216 1.38368250 -2.74578161 -4.29238852 0.04635355 -0.39277524 0.72424865 1.44310730 -1.95563096 0.40855379 -1.83955204 0.79219742 -1.31125969 -0.71757172 -0.24375825 -3.69356714 -0.37612971 0.04707114 0.53594449 1.28723540 0.19347629 0.22437753 0.64959219 0.31212660 -0.27409165 0.26095830 0.05946911 0.05891569 -0.35231007 0.21966032 0.39750255 0.09566093 -0.07317393 -0.12447565 -0.31020644 -0.20422858 -0.10018864 0.10179160 -0.57359842 -0.34824093 0.33242896 0.30319309 -0.08899067 0.33378939 6.00000000
18.98960738 -5.90884967 2.47907266 2.28429486 -2.38393536 -1.64659431 -1.57220240 -0.39038056 -2.16412386 3.21666700 -3.32428851 -2.81434269 -2.24947703 0.41240105 -4.99976857 -1.74525611 -4.28051714 -0.65386786 2.99266034 2.70399426 -1.74375250 0.51851580 0.08849928 -0.29551505 1.13683048 -2.94968028 -1.59136930 -2.66502994 0.37607475 -1.03912150 -2.36158700 0.82417510 -1.55112914 -2.36706147 1.32192996 -1.78756988 0.50419748 -1.04666814 -0.50643616 0.03265226 -0.80695736 -0.17088452 -0.91254217 0.49323576 1.75900863 -0.55847110 0.88451620 0.17738879 -0.04456599 0.86647696 6.00000000
18.93611836 -8.86639364 6.48204029 -0.08491593 -0.90358025 2.12399256 4.09022302 2.49574881 -3.12080167 -4.08303828 0.66115545 -0.18173018 0.78212086 1.31797138 -0.85727295 0.53977076 -0.19687797 0.65546614 -1.26031371 -0.45736837 0.35200648 -1.41039339 -0.12958592 -0.24214878 0.18256745 1.04902972 0.31646281 0.14230572 0.60977224 0.12544206 0.27798431 -0.08793397 -0.43256073 0.12983727 -0.16975394 0.15092861 -0.20461579 -0.31271587 -0.02817185 -0.05504508 0.37891065 0.14720855 0.08735632 0.16781675 0.42154773 0.25095865 -0.30630534 -0.29220577 0.14180191 -0.28609966 6.00000000
18.56007932 -8.88617167 7.37555550 -1.23644144 -0.50151426 2.93098274 4.98675557 3.48177172 -2.94130854 -3.13856051 1.43778112 -0.16378818 0.64667472 0.34457464 1.08524519 0.49761078 1.52669438 0.58924063 -0.43396377 -0.20998669 0.66991454 1.47452162 0.12952695 -0.37473462 -0.40455191 -0.04702007 0.00623779 -0.08505984 0.08770051 -0.09733345 0.46581597 -0.49840913 -0.38703880 0.16258144 -0.09921734 -0.40113434 -0.24711202 -0.36246673 -0.29391610 -0.02103654 0.67140054 0.16529132 0.27135569 -0.20924893 0.95784893 0.22477771 -0.68255756 -0.42266556 0.07317009 -0.69933162 6.00000000
19.28043319 -9.83205343 7.28654341 -2.71396500 -0.25406440 2.70578324 5.09028993 4.26084906 -2.67258949 -1.61948539 1.78049716 -0.33124815 0.59263865 -0.08901709 2.29506011 -0.26153461 3.06190441 -0.11764570 1.20020302 0.48474961 0.52616857 5.57772519 0.76334582 -0.27767928 -1.56497033 -1.71076545 -0.27789883 0.34440592 -0.53392855 -0.26877641 0.05798851 0.02895342 0.35239982 0.00324826 0.48109144 -0.34889539 -0.04336104 0.16153407 -0.02934359 -0.06333976 -0.24553147 0.04222836 -0.05183856 -0.39228467 -0.30900579 -0.14046660 0.35184549 0.14752886 -0.12380373 0.34269764 6.00000000
19.51338272 -9.22177013 6.11825223 -0.29404042 -1.03306596 2.14371403 4.37584794 2.61423933 -3.32457807 -3.97058459 1.05429528 -0.36802669 0.70728439 1.10930378 -0.48937654 0.58579539 0.22406745 0.90103115 -1.11981902 -0.09228659 0.92389181 -0.52426193 -0.17252655 -0.51114637 0.14915374 0.44381899 0.28286058 -0.04313162 0.40602128 0.07293559 0.21031330 -0.22073415 -0.26723962 -0.25969219 0.01299149 0.17005215 -0.64555041 -0.36123072 -0.07569127 0.09439511 0.62277252 0.00858462 -0.10106414 0.03873165 0.63353895 0.44283168 -0.40494660 -0.50228457 0.00807487 -0.67952217 6.00000000
0.86804492 5.40440585 -6.90691664 -1.75300440 -1.26816276 1.68864304 0.03156719 -0.86012427 -0.07479684 -3.26848781 -1.33670473 0.52642717 2.31043739 -0.97963490 -0.16538216 1.22153326 -0.59135200 0.29961322 0.99103080 -0.97377786 -0.40753963 0.03870471 -0.25188706 0.29697831 0.23150679 -1.24887010 0.95666921 0.49002054 -0.18971507 -0.92672679 0.58300141 2.04742555 0.50444316 0.68292051 -0.02265999 -0.93965129 -0.13365114 -1.03437731 1.48573163 1.64233206 0.73834652 0.38481463 -0.14784194 0.19512639 0.22780959 0.30068834 0.38979526 -1.13786322 1.04115233 -0.05542863 7.00000000
5.00785251 6.96021200 -4.58596741 2.39266210 0.06309770 0.70949815 -0.48503535 2.62532114 3.32954411 -1.27496376 0.57962425 -0.33479763 1.36175609 0.66058352 -0.80256332 0.66414352 0.18807599 0.81829857 1.07699066 -0.06242760 -2.00257586 0.52887171 0.14643809 0.18076728 -1.07232378 1.86887832 -0.76451699 0.51206491 0.16292278 -1.68848562 0.57359483 0.19987245 0.26192556 -0.89678845 -0.55113042 -1.05155699 -2.36628080 0.56004756 0.16467972 0.12080967 -0.30682336 0.60314191 -0.26999618 0.49200096 0.04497843 0.20827279 0.01857020 -0.93921337 0.48032325 0.80050208 7.00000000
0.99133790 6.93040885 -3.86573433 -0.78413808 2.11174082 0.43207975 0.04193426 1.54824674 -0.95630324 -0.55410477 1.47411873 1.52410884 2.96395169 -0.71985351 -0.79609164 -1.22027084 -1.24929678 0.47609484 1.30792261 -0.88889708 -1.68887523 -0.12355794 0.60787392 0.12594992 -1.21301009 0.32175704 0.98866175 0.92220088 -0.27912480 -1.69847650 0.58875610 1.42931900 1.00424332 -0.71762604 -0.75783773 -1.89504688 -0.57554406 -0.87517550 0.69960518 0.53039295 -1.69342202 1.05628828 -0.00444988 -0.33723552 -0.12380748 0.29251405 -0.63424937 1.03175187 0.55676148 -0.23269981 7.00000000
-11.53579078 -9.24684625 -9.85171148 7.02516246 3.95941964 0.93628299 0.53097271 -0.52194785 0.40559044 -2.15081140 2.86343588 0.06959200 2.75300144 0.74938672 -0.94901346 0.35038835 -0.04120160 0.66480372 0.38305595 -1.02482268 -0.63467905 0.11727681 -0.52325165 0.13278138 -0.54451287 0.32431536 1.10718527 0.94743680 -1.38624189 -0.59615241 0.42577405 0.36563809 -0.23932051 -1.06613511 0.00540055 -0.72044699 0.28291204 -0.37767002 0.76546519 0.53569713 -1.67584358 -0.39519702 -0.45067544 0.08500220 0.27983513 -0.37517184 0.36159891 0.85245950 -0.42191768 -0.09654243 7.00000000
3.27597171 6.71448123 -5.75559115 0.89122740 2.04234679 -1.00822871 -0.44254444 3.20637983 0.50990801 -2.47822994 1.20789349 1.36085166 0.23398467 -1.20200497 -0.91530031 1.50529287 -0.24496592 -0.14255066 0.61309254 1.25073094 -2.07528762 0.24323907 -1.11683932 0.62257668 -0.95056262 -0.03391235 -0.70823513 1.44349444 0.75000122 -0.47580189 0.40556881 0.98659498 1.40639411 -0.64555210 0.60924347 0.52814410 0.06421711 -0.38912039 -0.48191813 -0.79188105 1.42178219 -0.94152146 -0.04650172 0.81386176 0.51497862 0.38645604 0.28463846 -0.34733793 -0.52479688 -0.41946894 7.00000000
3.27597171 6.71448123 -5.75559115 0.89122740 2.04234679 -1.00822871 -0.44254444 3.20637983 0.50990801 -2.47822994 1.20789349 1.36085166 0.23398467 -1.20200497 -0.91530031 1.50529287 -0.24496592 -0.14255066 0.61309254 1.25073094 -2.07528762 0.24323907 -1.11683932 0.62257668 -0.95056262 -0.03391235 -0.70823513 1.44349444 0.75000122 -0.47580189 0.40556881 0.98659498 1.40639411 -0.64555210 0.60924347 0.52814410 0.06421711 -0.38912039 -0.48191813 -0.79188105 1.42178219 -0.94152146 -0.04650172 0.81386176 0.51497862 0.38645604 0.28463846 -0.34733793 -0.52479688 -0.41946894 7.00000000
13.65659943 -4.73405653 -8.70641707 -6.93545024 4.57078141 1.22996529 -1.53996345 1.11468263 2.85758485 0.46098461 0.01982711 0.91878365 0.29447065 -1.00450665 -0.69975235 0.08320485 0.06984866 0.03226449 0.46342599 -1.13584527 -2.01517600 -0.24878038 1.43832354 0.19023923 0.06362785 0.47978488 0.05906928 0.73797945 -0.16946921 -0.16406528 0.16204800 0.12817853 0.82624144 -0.33545980 0.40360011 -0.68516908 1.42611011 -0.60639591 -0.39458215 0.18885758 0.32406034 0.68136246 1.51184683 -0.87239390 -0.14892823 0.44353919 -0.86665242 0.08412892 0.54466002 0.06485773 7.00000000
3.02289613 6.77924116 -4.60661671 0.70210403 4.17153028 -1.85477313 0.18259624 2.92583049 0.47778165 -1.95369436 1.90813695 0.83973349 1.05222108 0.32384867 -1.06720271 0.65865837 -0.09122543 -0.99648676 1.15512639 -0.11444190 -2.36362003 0.41407885 -0.11460510 0.80226843 0.66285772 0.07058597 -0.94534312 -0.00747481 -0.35602551 1.32004642 -0.32243999 -0.50007076 0.13606142 0.04864982 0.09533221 0.14348069 0.45045782 0.06410130 -0.95173304 0.18998289 -1.06163360 -0.02624753 -0.27804030 -0.64566173 -0.06782909 -0.76625363 -0.81140571 0.26423853 -0.80001398 0.25961879 7.00000000
3.54752112 6.72506479 -5.73134416 0.98708689 2.25760453 -1.19501062 -0.39006869 3.30290414 0.70535808 -2.45733125 1.34478842 1.29295004 0.30137503 -1.07155028 -0.93222197 1.51475173 -0.07584348 -0.18097526 0.74312024 1.11075961 -2.29402801 0.16409936 -0.90998155 0.55330056 -0.74544959 0.09510907 -0.88031529 1.33141846 0.66359838 -0.25479540 0.43303730 0.71091652 1.15047611 -0.75602310 0.68125816 0.49282219 -0.07284275 -0.22893979 -0.69259192 -0.65092154 1.01003328 -0.75526657 -0.13980957 0.61942532 0.57106834 0.24622023 0.01716891 -0.40390861 -0.59375149 -0.29345373 7.00000000
4.74565556 6.33354908 -4.41828082 1.61357256 3.22967722 -2.68679880 -0.15283934 3.00469438 1.78696046 -2.23088681 1.68857367 0.15347852 0.47541993 -0.00924569 -0.63412906 1.29183552 0.64208130 -0.14208760 1.51543924 0.03973207 -2.70696905 -0.07519361 0.37675837 0.00660047 0.12083991 0.34960782 -0.72971208 -0.79430032 0.04669774 0.71658717 -0.20372017 -0.72801346 0.05194826 -0.18599822 0.27051470 1.26476960 -0.79542264 0.50361944 -0.91179710 0.12551571 -1.24144736 0.24593616 -0.55492267 -1.10576499 0.80714498 -0.37322166 -0.28517413 0.74549597 -0.50190679 0.32184603 7.00000000
4.16827389 6.45750675 -3.84545024 1.59948875 3.64720486 -2.33842032 -0.22938515 2.56054755 1.11849354 -2.16712936 2.01778433 0.33368565 -0.72310374 -1.05080874 -0.88122109 2.53469730 0.33214651 0.10173806 1.55430252 -0.14322392 -2.13848524 0.37547014 -0.25547544 -0.00545369 0.67122708 -0.49807859 -0.88606067 -0.16746888 0.60045146 1.74724240 -0.50523549 -0.56675054 -0.47229761 1.47411528 1.24225052 1.89934664 -0.30759396 0.67107012 -0.52264497 -0.43071135 -0.12641243 0.02050393 0.12314309 -0.88306866 0.34151213 -0.57622823 1.06978523 0.40083395 0.09174835 0.90706246 7.00000000
5.06748781 5.95432383 -2.62920209 2.26076830 -2.71213363 2.11175075 -0.50006798 1.86721731 -1.10598122 1.23374161 -1.82190872 -0.23773018 -1.50046600 -2.44650750 1.22037012 0.00702738 1.56979844 3.10351263 -1.42252930 1.59447146 -0.88624505 -0.58574647 0.65707692 -0.88856116 0.95519593 -0.02033337 0.79488129 -0.10858017 -0.09096618 -1.35929287 -1.45192055 -0.66968460 0.61231147 -0.25648301 0.48254983 -1.07129985 -0.10224080 -0.19085483 -0.25191529 0.00744508 0.57392664 -0.00033237 -0.43618341 0.94174859 -0.93567665 -0.52731766 -0.32055250 -0.43465617 -0.37121124 0.06643666 8.00000000
3.98262529 6.79101389 -3.78687481 2.07126494 0.70862953 1.96004613 -0.29851655 1.91138088 0.07949726 1.69906940 -0.29065466 0.79966690 -1.78160069 0.07775357 0.04363896 -0.41671220 1.50459055 2.97622116 -3.67347663 1.22982195 -1.23879213 -0.20252408 2.52149354 -0.23362402 -0.23773124 -1.08268731 -2.13722390 -2.00198176 -0.67089534 1.11230713 0.03179975 1.69482609 -0.24077420 0.34664891 -2.67947953 0.55056299 -0.18763968 0.41871278 0.25176722 0.61771171 0.30050452 -0.28627247 -0.16003643 0.08239632 0.65983539 -0.36786004 0.26714312 -0.05212334 0.04634126 -0.87919877 8.00000000
3.54429052 6.38405049 -2.20290207 2.32591466 -0.97913923 3.49733717 1.20435860 0.90128736 1.30673592 0.83085223 -0.70646125 -0.03585967 -1.23532082 -2.04948110 0.98503724 0.58239610 0.54537564 3.00408668 -1.22990568 0.16666897 -0.83332690 -0.89616474 1.55999063 -1.20961557 0.75875759 -0.48742081 1.14851392 1.14591405 -0.98352172 -0.52728627 0.65035343 -0.53222620 -0.61393317 -0.36178355 0.80654168 0.53986514 0.76622471 -0.53836375 -0.01002964 1.06739824 -0.53672414 0.17967925 0.31603658 0.84621211 -0.24240409 -1.51989910 -0.30454437 -0.75407923 0.84845643 0.68685226 8.00000000
-8.25945921 -9.77259972 -8.44465912 10.18400753 -1.75782347 6.03843185 -1.51497558 -0.78459935 -1.17249235 -0.84771092 -3.01696349 -2.73860197 -1.12623337 -2.11849903 0.70862783 1.13441818 1.86940844 2.23784178 -1.36990386 2.06879749 0.86543424 -0.08697031 -1.22533219 -0.15623669 -0.29703670 0.89457987 2.20435790 -0.89632674 0.63764802 0.17554073 -1.96466823 -1.09749309 2.20873758 0.30002976 0.54204665 -0.87283926 -0.52100760 -0.04102042 1.30476614 -1.17711338 1.42860780 0.72006124 0.34826863 -1.40801002 0.39444769 1.03287849 1.67386300 1.96890476 -1.87043860 0.81266187 8.00000000
2.66180673 5.98152804 -4.02509136 0.90648394 -2.69798108 3.50840769 -0.10812708 0.63773551 -0.91594615 -0.10661870 -1.75336927 0.77305927 -0.77606665 -2.16669082 1.54218889 -0.31945677 1.00575185 1.82301076 -1.10791128 1.17690146 -0.44890833 -0.86308249 0.09059110 -0.69159301 -0.24380154 -0.00077255 0.88510117 0.16458364 0.05902842 -2.06428064 0.43193654 -0.27641649 -0.63578655 -0.81957033 0.74291758 -0.12061775 1.39388162 -0.38458551 -0.68079427 0.01132197 0.80966999 0.93653072 -0.49741996 1.23743390 -1.19496782 -0.82597696 0.44312567 0.69098839 0.46426332 0.13074290 8.00000000
3.98262529 6.79101389 -3.78687481 2.07126494 0.70862953 1.96004613 -0.29851655 1.91138088 0.07949726 1.69906940 -0.29065466 0.79966690 -1.78160069 0.07775357 0.04363896 -0.41671220 1.50459055 2.97622116 -3.67347663 1.22982195 -1.23879213 -0.20252408 2.52149354 -0.23362402 -0.23773124 -1.08268731 -2.13722390 -2.00198176 -0.67089534 1.11230713 0.03179975 1.69482609 -0.24077420 0.34664891 -2.67947953 0.55056299 -0.18763968 0.41871278 0.25176722 0.61771171 0.30050452 -0.28627247 -0.16003643 0.08239632 0.65983539 -0.36786004 0.26714312 -0.05212334 0.04634126 -0.87919877 8.00000000
9.69811160 -5.14124189 -8.50673814 -8.16269144 -0.13055024 4.54622060 -0.87251681 -0.67840836 0.46754003 2.96777143 -1.39056129 0.57509002 -0.51573899 -1.53903344 3.25899621 0.24344508 -0.43934314 1.84166708 -0.25570978 1.42751700 1.22761714 -1.75930848 -4.47718212 -0.00608055 0.17262233 -1.04341368 1.54337771 -0.99057973 -1.12871973 -2.04586887 2.27039548 0.11292802 -1.12867829 0.06614159 -0.51507647 0.60624175 0.09971919 1.40419762 -2.83261702 0.84656696 -0.80594244 0.84718983 -0.85184757 -0.50936601 0.74620657 1.24101557 0.78140969 -1.40169855 -0.94920536 -0.30496430 8.00000000
-0.75951372 5.18866936 -0.34910947 -0.43406569 0.72628440 3.29081342 2.47348171 -1.35027867 -0.91568550 0.83321681 1.21261458 1.14030929 -0.27249078 -1.08820968 0.82733478 -1.89950383 -0.19791173 1.10506904 -0.24680265 -0.21536473 0.31598099 -1.83650777 1.89176384 -1.55004215 0.00447399 -2.47625091 -0.20429810 2.34548756 -0.20065606 1.29807049 1.27007170 1.65831443 -0.40757999 -0.00690531 1.53954086 0.42344651 0.81205461 0.16621146 0.27941865 -0.77298040 -2.16221827 0.14894928 -0.45085181 -0.46307362 -0.31709486 0.74392486 0.19126034 0.97383243 0.20292130 1.58397923 8.00000000
6.12267248 5.46866367 -1.00033637 3.93233841 -2.24288787 2.86920426 0.15206166 0.73036773 2.55312884 0.83233144 -1.93393026 -2.02063137 -0.93404284 -3.05455137 0.45674967 0.39007758 0.34312828 2.79847846 -1.16354511 1.23174499 -1.34496354 0.49105584 1.47846819 -1.34405182 1.27329405 0.74411329 1.85493398 0.92250034 0.11871003 0.25070982 -1.91446178 -2.32843670 0.92174843 0.17592774 -0.01838471 -0.98752455 -1.36098166 0.11553468 0.42375254 0.01142598 -0.88380466 -0.67939565 0.26471543 0.00254372 -0.66667386 -0.72252800 -1.58955999 -0.27422603 -1.12702588 -0.31143019 8.00000000
-3.28526613 3.79378033 1.36777260 -1.53766451 4.88017100 -0.09120626 0.47251806 -1.71000070 -1.56254081 -0.39046734 0.04431725 -0.64174394 0.82601806 0.62093956 0.88996175 -2.69415375 -1.18996185 0.00655946 -0.03832839 -0.25256610 1.40502335 -0.23173031 0.76275777 -1.19119721 -1.92097946 0.37310816 -0.91493562 -0.72345529 0.66920935 -0.39274938 -0.26393870 1.02881990 0.67734763 0.03246367 0.48575050 1.23742559 -0.63737048 2.86082510 -1.08645261 -1.80877449 0.10628997 1.34048922 1.60658243 1.06444102 -0.49162966 -0.99698393 -0.19044680 -0.06853223 0.15454553 2.20318042 8.00000000
-0.56581826 4.50315174 -2.71330558 -1.49451850 -3.05589019 3.60339940 0.75666046 -2.37504828 -1.63122501 -0.98070063 -0.07569966 0.72231051 0.06856985 -1.21840457 1.93093063 0.11528536 0.48370155 0.56489726 -0.14599938 1.30294409 -1.11008948 -1.59002523 -0.33996560 -1.10917177 -0.31067204 -2.73863297 0.47248105 1.05722783 1.07694154 -0.72022029 1.27607126 1.24868394 -0.62441626 0.86409239 1.75360534 1.17177104 0.33746368 0.66180460 -0.09455175 -0.10327308 0.40449146 -0.10811346 -0.49517326 -0.66001761 -1.03436033 0.45957946 1.35677473 0.81540388 1.08700692 -0.37937955 8.00000000
1.75230917 7.11446062 1.58186205 1.73968240 1.69973335 0.62462658 1.16511316 2.76162841 -1.60657679 3.99623539 1.43038487 0.28522553 1.98647255 -1.13319267 -0.11758289 -2.26967543 -0.61326301 0.05220939 3.01859684 -1.36625768 0.09055183 -1.02981798 1.49871892 -1.25504908 0.96042398 0.27033237 -0.58027032 0.39611695 -0.62291132 -0.08376804 0.53819345 -1.08156859 -0.51588097 0.97702632 -0.86911554 -0.26457554 -0.92682684 0.31530250 1.15842053 -0.97625115 -0.17404027 -1.36737587 -1.22912506 -0.83428978 -0.43215172 1.52371059 1.02047425 0.07860784 -0.39734053 -0.12947484 9.00000000
-2.70048212 5.35650176 1.11645979 -1.67274504 2.02965233 3.07860626 1.06381509 -0.82277240 -1.26494077 1.92927051 0.41004702 0.23756153 1.63732327 -1.51125686 -0.82176039 -4.22695749 -0.25103085 1.30529829 -0.29755659 -0.86045258 1.11617029 -1.26653375 2.40959757 -0.62880601 -1.92998267 0.00827202 -1.10475720 -0.05371650 0.11928276 -0.72265760 0.94197536 0.04143860 0.39930339 -0.43312065 0.89809809 -0.79886469 0.58345160 0.67448385 0.90152601 -0.72890438 0.87117188 -0.17403159 -0.81769783 -0.68630419 1.17799593 -0.61479739 -0.67891112 -0.14223834 -0.79842369 0.50911836 9.00000000
4.99263720 6.18045862 0.25066417 4.69345793 -0.93459556 2.35143821 1.61015391 1.10907607 6.16949074 1.31075271 1.02081365 -3.65716333 0.43771571 2.36743297 0.44036104 -0.59829710 -0.58184075 -0.63544369 0.43479261 -0.72122832 0.63548897 -0.08974207 0.23741344 -0.20063853 0.03390015 -0.03111580 0.17668364 0.44206391 -0.67468545 -0.26754538 1.51043724 -0.37063312 -0.90143523 0.24932688 0.71232258 0.33478463 0.21711956 -0.89671945 0.66719474 0.68239116 0.69993335 1.13052581 -0.02932307 0.61713934 0.30202516 -0.83171900 0.51067979 0.22082710 -0.13484002 0.09732281 9.00000000
-13.24255932 -8.40542858 -3.20869219 9.20531537 4.09462017 3.81096837 1.48759054 -0.08427110 -1.79329770 3.03414400 1.10762771 -0.46953591 0.12895989 -0.59936136 -0.99495906 -2.25355085 0.26436510 0.30067559 1.77314290 -0.86899954 1.09444264 -1.55180708 1.64109891 -0.82651914 -0.79723348 0.68525396 -0.08417070 0.58950011 0.30819985 -0.37461340 0.32450318 -0.23457254 1.17194068 -0.07009355 0.21924698 -1.08060812 -0.39422195 0.30348038 -0.07041505 -1.39841008 0.96317424 -0.45659185 -0.62644427 -0.93097023 0.62128269 0.07198619 -0.58863390 -1.88186579 0.65589307 -0.57095919 9.00000000
4.95076009 6.06285490 0.22028332 4.85446919 -1.13842142 2.45461800 1.56917372 0.97724005 6.41715207 1.08835061 0.84615633 -4.19038429 0.03961296 2.77483702 0.51167234 -1.01797874 -0.81662406 -0.80537781 0.27782769 -0.46375523 0.65918256 0.16911312 -0.21188536 0.19188150 0.01363076 -0.33031811 0.19618251 0.48998133 -0.30529165 -0.02362197 1.59706293 -0.67787754 -0.30021975 0.60095036 0.56387807 0.34127580 0.52096829 -1.21045929 0.55968989 0.14889915 0.78245839 0.71979648 0.29582138 0.75346360 0.22907428 -0.64637924 -0.04056688 -0.20434732 -0.68158843 0.06336400 9.00000000
4.95076009 6.06285490 0.22028332 4.85446919 -1.13842142 2.45461800 1.56917372 0.97724005 6.41715207 1.08835061 0.84615633 -4.19038429 0.03961296 2.77483702 0.51167234 -1.01797874 -0.81662406 -0.80537781 0.27782769 -0.46375523 0.65918256 0.16911312 -0.21188536 0.19188150 0.01363076 -0.33031811 0.19618251 0.48998133 -0.30529165 -0.02362197 1.59706293 -0.67787754 -0.30021975 0.60095036 0.56387807 0.34127580 0.52096829 -1.21045929 0.55968989 0.14889915 0.78245839 0.71979648 0.29582138 0.75346360 0.22907428 -0.64637924 -0.04056688 -0.20434732 -0.68158843 0.06336400 9.00000000
12.84662601 -3.51879632 -2.91550386 -4.94258991 3.48543667 1.23451639 -0.16182236 1.78421243 2.56091545 4.21569461 1.30635972 0.44084457 0.70033958 -1.02140993 0.99409440 -2.39540537 -0.07050952 -0.15234812 2.60315149 -0.87270152 0.32097552 -1.84686284 1.39648576 -1.38740387 1.52105917 0.30548183 -0.02551843 0.76958593 -1.39212988 1.02419181 1.64157206 -2.46575191 -0.43558297 0.28623624 -1.30189898 0.32529657 -0.05857859 -0.64774883 -0.59373082 -0.52673305 -0.21032367 -1.11564820 0.61179726 -0.19275959 -0.27029688 0.77624051 0.93641778 0.30566042 -1.30736086 -0.41978349 9.00000000
5.36504362 6.38521272 -1.06592526 4.75390530 0.35401029 1.07522300 -0.02818574 2.11859480 4.95856027 0.71458447 1.93763670 -2.67610199 0.26509772 2.83572739 -0.39373267 -0.78464163 -0.27050584 -1.03071898 -0.85376956 1.24163994 0.19750350 0.28133212 -1.05821425 0.37790560 -0.09034716 -0.20166751 -1.07598249 -0.64139777 0.39818764 0.10999489 1.11742454 -0.53769112 -0.59049200 0.04626216 -0.73227247 0.91139485 -0.24797298 0.13451612 0.33364920 -0.47615032 1.38324751 0.41124410 -0.90188599 -0.87059885 -0.57945639 0.22058197 0.50612980 0.70505416 0.26090880 -0.09823717 9.00000000
6.25896898 5.58808606 0.49613524 5.44098389 -1.05062608 1.40137228 0.32393797 0.82601024 5.96476206 0.75419651 1.23873577 -4.09404515 0.27509910 2.92099075 0.46473263 -1.31256185 -0.01808120 -0.41006341 -1.15511186 0.32831893 0.71788891 0.15187414 -0.83451511 0.50026545 -0.19265357 -0.82398887 -0.19263644 -0.84891126 0.02309463 -0.15923123 -0.56199672 0.98371249 0.85071148 0.29580064 -0.49168681 0.18087041 0.11339247 0.70805195 -0.39765821 -0.50556481 0.29752207 -0.20343219 -0.39536497 -0.70578693 -0.23787399 0.98121966 -0.24468224 0.52278616 0.70178676 -0.17826419 9.00000000
6.77214555 5.35715893 1.17273686 5.28810540 -1.87190563 2.06327240 1.21465326 -0.02408524 6.60057059 0.79310604 0.48675449 -4.27225469 0.16287046 2.30578818 1.06902271 -0.17831689 0.38420470 0.44949080 -0.59495664 -0.33641018 0.25806648 -0.19850519 -0.09249601 0.54574587 -0.35158185 -0.50487735 0.42412470 -0.21736226 0.27127968 -0.14219135 -1.15670055 0.32786915 0.95868287 0.11770887 0.72226823 -1.10011342 0.67481712 0.42786731 -0.42470996 0.28228704 -0.42110665 -0.70434518 -0.06899083 0.27535650 0.48904206 0.13594869 -0.67683812 0.41321879 0.11914006 -0.30607527 9.00000000
6.81298320 4.44463708 2.23621828 5.32244799 -1.10049990 0.66997739 0.77136188 -0.84218839 5.94665932 -0.12432645 1.58450294 -3.91848457 0.56831049 2.14056773 1.30971643 -1.01328025 0.13776559 -0.08666043 -0.71966296 -0.51567682 0.91076341 -0.66294570 -0.67157938 0.75522026 0.37450778 -1.36040711 0.47558170 -0.20501477 0.26955963 0.31314211 -2.62426679 2.34563274 2.02007350 0.04339792 0.27367112 -0.58078068 0.85383835 1.31048409 -1.05535075 -0.13700690 -1.87877428 -1.26660240 0.82371523 -0.78315481 -0.98351151 1.41362570 -0.60369214 -0.72805572 0.81503160 -0.48808457 9.00000000
-6.03293367 1.11013601 -1.77090002 -3.97425854 -4.87209160 -0.12867948 -0.05625122 -2.39817516 -1.55468449 0.50618090 1.57975594 0.55134335 0.44895726 2.30320872 -0.60089168 1.04218671 -0.77998844 -0.41505651 0.03410610 1.94221736 -0.29872272 1.09257411 0.19307911 -3.55786969 1.09341147 0.75748990 -1.73864540 0.78897465 0.63992247 -0.70842392 -0.21949359 0.19060740 1.37308248 0.44088306 -1.44482594 0.64967324 1.39497572 -0.98169593 0.04713333 0.36884457 0.86566638 -0.35673872 0.61915959 -0.43418048 -1.15427393 -0.45663105 -0.38926072 -0.03987945 0.36061608 -0.01141667 10.00000000
-4.91590903 3.21105858 -1.31204896 -4.36747386 -0.15683958 -0.11344178 0.84995293 -3.03156577 -1.63896809 0.61074755 1.89266334 0.14862992 1.29184748 1.92166589 -1.12879707 -1.91326393 -0.75855662 0.65130222 -0.47964212 -0.16729534 -0.48395448 0.92399034 0.03815959 -2.75266287 -1.59400318 1.41194935 -1.05823861 1.07386577 -0.60006924 0.46647329 -1.92319809 -0.74851150 0.63746653 0.42684478 0.63911746 0.16102697 1.31623507 0.52855281 0.01799771 -0.52758828 -1.30134609 1.72414419 -0.57001398 1.82219911 -0.34264932 0.24246997 1.15303213 -0.21030496 -1.10259978 -1.14701608 10.00000000
-0.37480120 5.09398182 -5.93851978 -2.48766685 -3.83740187 3.31560239 1.66955779 -3.48593628 -1.93190974 -1.49257749 -2.06417855 1.11997057 -0.75857664 2.95070346 1.60482287 -1.20775179 -0.35232309 1.14349601 1.68588109 -0.99033016 -0.38807018 0.59800776 0.09519956 1.00047322 0.08620063 0.66391414 -0.31381236 -0.32577500 -0.05574180 0.41989916 0.13751563 0.04975136 -0.38091992 -0.53559077 -0.05992528 0.07965992 -0.47507431 -0.16240755 0.11346400 0.18756032 -0.21671183 0.32627329 0.45392203 -0.02559156 -0.03032109 -0.11180233 -0.26354418 -0.19917077 0.08033076 0.08160596 10.00000000
-12.30100117 -7.84055639 -5.82527725 4.96658587 -2.00448007 2.60275154 0.04525490 -1.52860138 -3.67711731 1.50791678 2.26366165 -1.21214124 0.71368015 0.97829511 -0.32882832 0.18582495 0.79271014 -0.09411655 2.19815349 1.86291337 -0.47732339 -0.16619985 -0.48546176 -2.13430734 -0.80330710 0.55411985 -1.33217739 0.20326712 0.39797371 -0.21701943 -0.68440616 -0.43906216 1.28529862 0.22401550 -1.71256563 0.98956498 2.01604093 -0.57519152 0.07510040 0.41101603 0.21217056 -0.09318009 0.98448670 -0.81095694 -1.28053525 -0.26339216 -0.10893827 -0.07577801 0.59972229 0.66007730 10.00000000
-0.71643271 4.86631376 -5.90923392 -2.83712728 -3.84247237 3.01175273 1.23000439 -3.59127575 -2.45696474 -1.98944069 -1.79182102 1.16680066 -0.47915646 2.62426417 1.56650208 -0.80450762 -0.55629522 0.65492459 1.96175388 -0.56754539 -0.29931490 0.53435254 -0.35725783 1.02441230 0.14979789 0.36413353 -0.38191166 -0.42199641 0.29190623 0.70473281 -0.19175412 -0.45595868 -0.26479162 0.05036862 0.24454935 0.47286761 0.09930903 -0.04130594 0.33683708 -0.54493348 0.10002274 -0.37088652 0.15418384 -0.53018978 0.00813872 -0.09319680 -0.43515494 -0.15583417 -0.07328253 -0.21477776 10.00000000
1.24910723 5.45273392 -6.63100592 -1.38057082 -3.78708943 3.67821769 1.12638718 -2.32334447 -1.14019077 -1.90774422 -2.73882670 1.12087157 -1.26148856 2.02552930 1.46183990 -1.08111592 -0.09510752 1.56776009 1.27877792 -0.72916876 0.00829053 0.49727520 0.02003370 1.17306768 0.33653065 0.78373606 0.22830098 -0.76069234 -0.07061407 0.32517573 -0.29734323 -0.20747854 0.39546541 0.10885413 -0.56789895 -0.52618862 -0.26365635 -0.36332116 -0.28247862 -0.45416536 -0.53215591 0.38961438 -0.09203648 0.49279757 0.46315913 0.80999650 0.18735347 -0.30108502 0.09163127 0.50254263 10.00000000
-1.17366505 -1.24507062 -4.54420488 -8.84573750 -1.65406123 0.76860281 -1.06412112 -3.04722257 0.71163905 1.02017043 2.06230120 -0.56530626 2.29171519 1.94530521 1.01128667 3.54629874 -1.90608662 0.62539387 1.02099345 2.62255910 0.63597895 0.16406381 -3.68275029 -5.66937763 -1.13036157 -0.19954655 -0.78636990 -0.57777275 -0.07421887 -0.31846065 -0.39026087 -0.06679695 -0.67638307 0.55422363 -0.08762114 -1.15315197 0.40916652 0.14873827 0.08048953 0.61011329 0.21755354 -1.60480091 0.26572102 -0.42582368 0.45979502 -1.16176456 -0.66462186 0.16084765 -0.27917923 -0.08107879 10.00000000
-0.50486038 5.16800895 -6.03735244 -2.57936656 -3.58847168 3.13939556 1.50979366 -3.28922793 -2.17459770 -1.56675307 -1.81302408 1.34427625 -0.64762961 3.01749063 1.57182017 -1.34585013 -0.45982344 0.78676242 1.68907549 -0.60034807 -0.45234282 0.52575740 -0.18148095 1.00556388 -0.08219126 0.65325819 -0.39344123 -0.54419739 0.07311288 0.76224035 -0.14378841 -0.48985252 -0.21750828 -0.47566914 0.10604892 0.37264334 -0.04247717 -0.29515811 0.13713833 -0.60925718 -0.04573793 -0.13295460 0.31217221 -0.03016260 -0.26009546 -0.07393380 -0.33882868 -0.29848100 -0.17589529 -0.14173497 10.00000000
-0.23295368 5.18324991 -6.18074347 -2.44327410 -3.86800456 3.32005875 1.41871072 -3.17498133 -2.05749390 -1.71476795 -2.14058010 1.32131022 -0.81015454 2.97751912 1.53912710 -1.22991970 -0.32276114 0.99834513 1.59854623 -0.66286017 -0.32100834 0.68911919 -0.20281438 1.30157964 0.05052811 0.75427097 -0.33888854 -0.66106076 0.15076269 0.69457331 -0.09772330 -0.43173892 -0.08223383 -0.31832889 -0.10123524 0.14715358 -0.24973681 -0.32700050 0.04670637 -0.67357830 -0.09702929 -0.05092780 0.27164007 -0.02831292 -0.03807570 0.07308121 -0.22738387 -0.34669050 -0.10340511 -0.10782282 10.00000000
-0.46758403 4.70172452 -5.46520957 -2.42641504 -3.82213417 3.30095350 1.50427990 -3.52978488 -2.17888689 -2.05052953 -1.75883292 0.89664727 -0.57998069 1.50227126 1.36749806 0.39888341 -0.30945971 0.75670267 1.83421042 -0.29862765 -0.24998831 0.20784855 -0.26159422 1.50718816 0.84959830 -0.55069261 -0.72065324 0.47691743 0.68412438 0.89581148 0.58196841 0.01437846 -0.22489461 0.52236493 0.21522647 -0.47287421 -0.05685910 0.50065329 0.38016331 0.40674533 0.83384753 -0.26082248 -0.86539405 -1.58574506 0.41960624 -0.06653272 0.15875702 1.19008331 0.50684583 -0.89244112 10.00000000
-0.12646112 4.98470776 -6.34810214 -2.33086559 -2.86507093 2.64806860 0.97938536 -3.06623325 -1.74309459 -2.06658924 -2.07976352 0.95507723 -1.34621327 3.23758141 1.61030070 -1.02326427 0.05214892 1.22716657 1.20506448 -0.71795728 -0.74697515 0.84624302 -0.24297438 0.89777604 0.20822002 0.93627976 0.23194605 -0.37124435 -0.04304567 0.28885320 -0.09322660 -0.76137503 -0.03166314 -0.18460732 -0.16143927 -0.22922164 -0.56241708 -0.15540781 -0.34022524 -0.15310776 -0.22357639 0.20091947 -0.07894694 0.62202033 0.01752300 0.01589775 0.04890000 -0.45638733 0.50602979 0.33464617 10.00000000
-4.71220280 -4.56790025 -3.82102040 -0.78374552 -5.60710565 -10.28941650 3.10173855 2.18840123 0.58214287 0.48780441 -0.86935697 0.01844025 0.44508679 -0.36441161 0.52755547 0.15775524 0.33897088 0.53058181 -0.66584962 0.49193905 0.29602877 -0.23332919 0.22125407 0.28399867 0.06510084 -1.55760171 -0.28896443 -0.01793823 0.11495471 1.46458905 -0.28937060 -0.08500465 -0.89504033 0.83256395 0.42831355 0.30099506 -1.80281644 -2.04651483 0.29633338 -0.62120536 0.34255064 0.24189804 0.05420626 0.72405037 -1.56025112 0.32636234 -0.91628124 -0.14048065 0.62217451 0.18127587 11.00000000
-5.14184076 -2.70538791 -2.45946209 -1.84802301 -3.85728950 -9.45376146 4.73089730 0.46911589 0.80460303 0.43053326 -1.42818994 -0.27594230 0.24057857 -0.14819466 -0.72756830 -0.64320058 0.36180896 0.50006492 -0.38012083 0.06102725 -0.05562595 -0.45871214 0.34300695 0.05803732 -0.49416633 0.25385749 0.20290772 -0.09794168 -0.41039441 -0.48594116 0.37795350 -0.19568625 0.23360180 0.24138569 -0.43042149 0.69984779 0.94506505 0.54591884 1.34664661 0.45397136 -0.67529683 -0.01541905 -0.71239710 -0.22361235 0.78943004 0.52620126 0.40867344 -0.33420614 -0.48320820 0.00947861 11.00000000
-6.16268328 -4.14945356 -1.31393580 -0.35976916 -2.29764341 -9.84035151 4.74593286 1.77897275 1.54218487 0.08263843 -1.45116177 0.54099792 -0.26058848 -1.30980793 0.67943164 -3.66203867 -1.32546091 0.70179442 -0.97472391 0.08110796 0.77753084 0.24236190 0.08919574 0.18697941 -1.00753007 0.89788798 0.07983122 0.07344960 -0.44980121 -0.98448805 -1.22640362 0.22030387 -0.82832153 -0.03891469 2.00570237 1.08050962 -0.65061131 -0.55208682 -0.74925564 -1.44403335 0.26575538 -0.13805320 1.71799271 -0.88776561 0.06672591 -1.20980341 0.83536399 -0.33177956 0.54052931 -2.03483608 11.00000000
-10.83428066 -12.95267747 -9.09699212 7.24825449 -0.60726984 -4.51216402 2.78359987 1.16882635 -0.78884715 -0.30640770 0.67856718 -0.78047527 0.23841675 0.35473243 -0.63763036 -0.92330826 4.13691095 -0.90519578 1.56106578 0.82200912 -0.75023919 -1.77676005 0.49599000 0.20472351 -0.33989140 -0.32208606 -0.21931331 -0.94388218 0.48177455 0.79040248 -1.17019261 0.32961778 -0.36663118 0.71117090 1.71998661 0.70877426 -0.30195665 -1.40640335 -0.20960623 1.18971797 -0.55631225 1.85772621 -0.69502021 -1.04273441 -1.04477054 -0.29265181 0.04218822 -1.78020498 -0.99028276 -0.73966685 11.00000000
-3.19822481 -1.53851849 -3.05302751 -1.42807768 -4.90219419 -8.52373012 5.55942613 -0.13064789 -0.24651183 0.52362836 -1.93458374 -0.08500097 -1.79999702 1.73469061 -1.05638438 -0.16257807 3.55253204 -2.40089518 0.77488317 -0.29736752 -1.43128355 -1.00279782 0.83932609 -0.89403597 0.41702761 0.26305103 0.79226897 0.25540708 -0.21125343 -0.43350022 1.14534268 0.08031076 0.62402648 0.27419963 -0.60413951 -1.44645170 0.72700848 1.43361205 -0.03131811 0.57691317 -0.00797331 -0.78119356 -0.68459887 0.03139112 0.82632045 0.19783548 0.50957535 0.11594703 -0.46374053 0.68244381 11.00000000
-6.93240798 -4.04123345 -0.76516540 -1.17887672 -3.55657441 -9.52841397 3.83909272 1.76279007 1.05696109 0.42343022 -1.05205354 -0.62050319 0.42502875 -1.71390618 0.85791691 -1.78050106 -2.82121448 2.53377412 -0.57031351 -0.53250410 0.60581482 0.90945633 -0.36971732 1.21839761 -0.87647543 0.63956206 -0.56660611 1.25921869 -0.86671633 -1.02804528 -1.14412040 0.12311654 -0.19428977 0.17692043 -0.31066017 1.16519101 0.71929666 -0.12975473 0.17309680 0.49674429 0.06157194 -0.48369523 0.69196158 -0.89883150 0.50435280 -0.12291468 0.77352378 -0.24793502 0.20887144 -0.22645251 11.00000000
-2.27278708 -7.11296760 -6.57014015 -5.52828373 -2.52111641 -8.50337273 2.50579979 1.77662952 4.10244249 1.16546515 -0.81537180 -0.35049375 2.45438980 -1.97845504 1.66833844 1.79723334 -2.20105904 2.57637946 0.64262159 1.78614026 0.96099886 -0.89553164 -2.22606831 -1.51461177 -1.64889680 -1.34119681 -0.07824356 -0.97872817 0.47040452 2.92904140 1.00763057 0.61707629 -1.39338159 0.50150960 -0.27574055 -2.04748476 -1.38366770 -0.84215409 0.52677600 -1.99573245 -0.67985046 0.34051252 0.12286494 0.31331489 -0.11239359 0.16126257 -1.14100515 0.34099235 0.50847469 0.50728763 11.00000000
-8.29244709 -4.31094196 -1.51898113 -1.85126242 -3.93887852 -7.37204864 1.40265198 1.46739709 1.10312508 -0.16180868 -2.18507570 -0.08278287 2.30074035 -0.64879189 0.26008404 0.85993340 -3.14324225 2.65910776 -0.74027265 -2.24664876 1.69004500 1.13631134 -0.01999421 0.33651701 0.37464632 -2.20023537 0.60191748 0.01923244 0.62832449 -0.60438775 0.30315021 -2.74367253 2.40046649 -2.75946607 -1.44973650 2.62173101 1.33145471 0.68136074 1.04819770 0.19153797 -0.36883822 -0.34115001 -0.98109614 0.55557514 0.98406191 0.36913266 -1.13965442 0.58673060 0.31131021 0.02496409 11.00000000
-3.67338619 -2.17684772 -3.54338876 -1.46008116 -5.24558574 -8.99217516 4.92848183 0.25512286 0.47723932 0.16999184 -2.35553277 0.28306695 -1.35847481 1.62121562 -1.15506608 -0.21584885 3.26516896 -2.61701054 0.19534380 -0.22073151 -0.80476119 -0.88837942 0.76017725 -1.34513760 -0.00875219 0.26182207 1.00655015 -0.99542796 -0.20320010 -0.35685909 1.14051529 0.16623707 0.77874839 -0.40364615 0.07471535 -0.45826157 -0.02695820 0.86398873 -0.40664038 0.20079926 0.20089630 -0.45051154 -0.00486047 0.19811042 0.02562938 0.03180661 -0.10880142 0.47201475 -0.11468136 0.18362075 11.00000000
-6.50986997 -3.00821931 -0.36321090 -1.02922977 -3.41586513 -8.40029990 3.97334639 1.79424357 1.01894265 1.09266181 -0.25264890 -0.48624711 1.03067228 -1.65372589 0.19354789 -1.33429758 -2.46543194 2.82820766 -0.38277908 0.37159115 0.31213802 1.25072327 -1.17110246 3.90669512 0.57646372 0.98592907 -1.70689230 3.11262965 -0.21042631 0.37090240 -0.55983931 0.48466130 -0.43464184 1.62430385 -1.57279287 -2.26183331 0.88913589 1.45074586 -0.81111891 1.46725598 1.06546672 0.57064580 0.21362766 -0.17266673 -0.46081383 -0.33545596 0.83592805 0.27146248 -0.52987014 1.12881146 11.00000000
-3.33355955 -1.89018127 -3.75455561 -1.62980728 -4.91923293 -8.35128493 4.33449675 0.23822315 0.65063521 -0.16063641 -2.46014625 0.64290602 -1.81464004 2.04816422 -1.49950106 0.09664470 3.93180072 -3.18583069 -0.01847947 0.08389731 -0.63323997 -0.84216369 0.85952485 -1.75659188 0.11480346 0.08087577 1.22871576 -1.41932177 -0.02003233 -0.43273613 1.24088995 0.34411670 0.72906827 -0.34313898 0.08416084 -0.52732280 0.23571053 0.81480869 -0.60098017 -0.07290596 0.49821335 -0.12935024 0.18960358 0.81749233 -0.31615404 0.26894985 -0.43124829 0.59602237 -0.02740546 0.31690101 11.00000000
-6.23348937 -0.27166279 6.06318184 -1.61328932 -2.58105509 -0.16534864 0.60661436 1.07571791 0.96381416 1.80267086 1.58499635 1.80332847 0.55404639 -0.24271985 0.86803716 -0.10001332 -1.66859025 0.56677492 0.36684526 3.78949455 0.68535893 1.21192592 0.95052269 0.91678229 2.26659051 2.52475888 -0.36328756 -0.81916106 0.34176613 0.66644682 1.31791596 0.84057655 0.76259308 -0.76423733 0.77252323 -0.12061460 0.28058608 -0.26731097 0.38556380 0.45812341 -0.66496799 -0.69241460 0.06121846 0.63190073 -0.63427689 0.66348916 0.57506645 -0.03213993 -0.45976444 -0.06979294 12.00000000
-9.10453423 -2.93120943 4.95077662 -0.65992206 0.21213184 1.13511805 0.85487393 0.11200400 3.41898733 -1.26680558 0.14184758 2.14836082 -0.41639446 -0.50414054 0.29329903 0.13849523 -1.12201700 0.13804856 0.14649099 3.36988082 1.00343137 0.58029426 2.07056963 0.78059155 0.91975164 2.25005094 1.32561075 -1.45032323 -0.74861361 0.61746891 1.06512228 1.07857770 0.30095711 -0.73368224 1.10702304 0.54092186 0.88482751 0.14249951 -0.08814227 0.32747988 -0.10629269 -0.64045285 0.29093712 0.06917906 -0.22424991 0.19349929 0.17394376 0.00954694 0.26867644 0.46794699 12.00000000
-5.89359462 -0.57738396 2.17617555 -0.55509294 1.10190685 1.41331703 4.43778345 -4.79654065 1.37376536 -0.52379804 2.03018870 -0.10075044 0.61028787 -1.05501143 0.21729031 2.33217086 -0.80946084 -1.85175232 -0.46597848 2.95123555 0.39453304 -0.30166750 1.97990395 1.48231626 1.20792992 -1.33529164 -0.72053963 0.77223811 0.22535254 -0.67815484 -0.36872675 -1.26007116 -0.37923155 0.90321624 -0.58325024 -0.41420519 -0.63176004 0.63532421 -0.36332369 -0.57278430 -0.68556457 1.13063215 -0.36861624 0.04550307 0.63754675 0.32421702 0.20434829 0.03506209 0.15180364 -0.47428242 12.00000000
-13.94482058 -10.78106317 3.59619617 8.52064532 2.08047420 3.36851478 1.19683498 2.62536778 -1.26814813 1.18224022 -1.49779849 0.33015984 -1.95238258 -0.57718964 3.96326066 0.06054478 -0.19290310 -1.68217526 2.15950387 1.28706709 -0.86304366 -0.60821364 -0.16319918 1.47887807 -0.45308529 0.20756058 -0.14856756 0.67485107 -0.16118924 1.38066926 -0.18319883 0.35963775 -0.29737765 0.52339755 -0.86217510 0.55022698 1.50382038 -1.04197958 -0.52065993 1.28321099 -0.77670896 -0.69297146 -0.62716010 1.81280343 -0.03030419 0.29378993 -0.85391147 1.00948375 -0.38258062 -0.48486488 12.00000000
-10.27729967 -5.67762647 5.97767190 4.50174860 2.21889860 2.35811885 1.60826815 2.26797944 2.41976430 -0.80640635 -2.48445026 2.71055472 -1.93124148 -0.68608372 5.15519937 0.13914755 -4.24850271 -3.39138086 -1.57825668 -1.42911556 -2.38783958 -0.67535682 0.16399355 -1.40694402 -2.46781898 -0.57189528 -0.66482459 -0.71095657 0.81662523 0.55981169 -0.13486649 -0.90090001 0.69211401 -0.74992116 -0.15218780 -0.67193960 -0.41968911 0.07572363 0.09997047 0.87548474 0.27236123 0.43606767 -0.14424778 -0.62746151 -0.27492299 0.10196911 0.56259779 -0.33358820 -0.00747497 0.09718922 12.00000000
-10.27729967 -5.67762647 5.97767190 4.50174860 2.21889860 2.35811885 1.60826815 2.26797944 2.41976430 -0.80640635 -2.48445026 2.71055472 -1.93124148 -0.68608372 5.15519937 0.13914755 -4.24850271 -3.39138086 -1.57825668 -1.42911556 -2.38783958 -0.67535682 0.16399355 -1.40694402 -2.46781898 -0.57189528 -0.66482459 -0.71095657 0.81662523 0.55981169 -0.13486649 -0.90090001 0.69211401 -0.74992116 -0.15218780 -0.67193960 -0.41968911 0.07572363 0.09997047 0.87548474 0.27236123 0.43606767 -0.14424778 -0.62746151 -0.27492299 0.10196911 0.56259779 -0.33358820 -0.00747497 0.09718922 12.00000000
-3.80708197 0.27142570 6.49348048 -1.85960532 -1.06375217 0.48691979 -1.83079731 2.31624809 2.06242762 -1.20717891 1.89656969 1.42701382 0.04875254 -0.83008441 1.72486347 0.32243291 -1.71870284 0.77110126 1.57294280 3.18375974 0.72318339 0.78388852 0.68845121 0.07529343 1.73848311 3.03294263 1.00717204 -1.93700082 0.13243693 1.48414168 1.20242736 0.66796030 0.55941254 -0.32346341 2.07103622 -0.23262220 0.67012260 1.05022758 1.26400403 0.29877872 -0.20536679 -0.55104058 -0.33326565 0.06805771 0.22652498 0.15783079 0.27240749 0.11295952 0.13991047 -0.55952744 12.00000000
-4.92900635 0.53141832 -0.37155387 -0.54735647 -0.71905833 2.75004676 4.74052725 -5.12745360 0.74029040 -0.47750458 0.32928665 0.77330971 0.94155380 0.11176798 0.59986328 2.07512530 -0.41344065 -2.46832635 -0.52103813 1.67503526 -0.18467532 -0.96899537 1.15511367 1.35891888 0.31822102 -1.56535503 0.53136693 1.03274066 -0.50397520 -1.91933800 -0.86551941 -0.23034332 -1.37003820 -0.22843969 -0.41862812 0.52720075 -0.57029877 0.14372152 0.52183338 -0.88843147 0.22700754 -1.35617626 0.68072456 -0.29315976 0.14648823 -0.62608000 -0.68284611 0.52126951 -0.58223463 0.02052648 12.00000000
-4.28544800 0.53166964 -1.09909635 -0.17279499 -0.40407746 2.75368610 5.01986742 -4.97452543 0.68450753 -0.63126189 -0.05678492 0.88861896 0.87485570 0.21741687 0.74576503 1.82918792 -0.19430149 -2.11465928 -0.43278710 1.28111094 -0.15117785 -0.98500465 0.84124203 1.86704195 0.30146684 -1.79910126 0.42929868 1.10645778 -0.65524244 -1.89304919 -0.83080346 -0.12424028 -1.58840457 -0.41040915 -0.44184922 0.42618776 -0.48469076 0.21396822 0.56688167 -0.65276655 0.58529615 -1.42648574 0.62391343 -0.37793886 0.20995490 -0.83612383 -0.71142608 0.65117674 -0.85412929 -0.09676648 12.00000000
-7.44811611 -1.68609465 1.67429572 -0.89060243 0.09373358 0.89915150 2.89065350 -4.15652746 1.91072046 -0.74941078 1.96937530 0.24976318 0.97230490 -1.30151212 -0.70769672 2.54338465 -0.73449404 -1.27672965 -0.15474522 3.13497549 0.33252659 -0.25210143 2.23696222 1.43726143 0.58072535 0.32063086 -0.28103807 -0.18960677 0.51315542 -0.48459227 0.43588244 -1.43659007 0.33433086 0.50202875 -0.24674716 -0.58357292 -0.04871823 0.16198935 -0.92540038 -0.14500242 -0.26179309 1.32560388 -0.05374972 -0.32189244 0.49039722 0.44117122 0.31383006 -1.05825280 1.06168398 0.11119486 12.00000000
-7.64933183 -1.65433715 1.66385937 -1.07215895 -1.25644625 2.06777632 3.02722705 -4.34726864 1.79441403 -0.16830363 2.16356633 0.46367646 1.07483204 -1.04819213 -0.76684388 2.51896692 -1.03604706 -1.38162024 -0.59703578 2.57320023 0.45075052 -0.41113914 2.63621102 0.90070586 -0.27822922 0.27988004 -0.22270862 -0.72740924 0.13661098 -0.42864459 0.18229143 -0.97432863 0.15390020 0.12068518 -0.60217991 -0.26005965 0.07942952 -0.38015478 -0.60280029 -0.33228693 -0.46987282 0.97148695 0.27959942 0.09642670 0.27254929 0.24998335 -0.34866395 -0.86256825 0.37452062 0.39616039 12.00000000
1.46866885 5.72046278 0.45563260 -0.08513326 7.79462136 -3.41394147 0.73361382 0.58367964 0.00851088 -1.75419224 0.15920326 -0.13784857 2.35681322 -1.14165276 0.32616748 1.67602088 -1.40339126 0.65703865 3.77824662 -2.04560800 0.36004564 0.23234709 0.93544602 -0.26859545 0.80216229 -0.55639454 1.84997575 -2.17670663 0.00637194 -1.13807371 -1.46560623 0.34151760 -0.41333557 1.42752786 -0.47901201 0.67672342 0.04060397 0.75504057 1.17826904 0.52621990 0.68593759 0.60606084 -0.09699738 0.63578688 -0.92492738 0.27868761 -0.00765637 0.58076861 -0.15203397 -0.20327095 13.00000000
-3.23992967 4.61754141 3.37443282 -2.70464069 7.93549597 -2.12139311 -0.93855421 -0.53872387 -2.52408735 -0.57348180 -3.17769794 -3.07034144 1.05630402 0.08672092 0.90573102 -0.01334180 0.95239592 -0.01848544 -0.56121410 0.56160255 0.03730120 -0.07445019 -0.23463535 0.48746071 0.06106074 0.38035644 -0.55736540 0.00205838 0.17222105 -0.02760649 0.67962462 -0.27370150 0.10737431 -0.53617695 0.18885212 -0.23207155 0.20916920 -0.28843053 -0.04367980 -0.04066676 -0.31432381 -0.37291569 0.01836258 -0.34689392 -0.08695910 -0.34020063 -0.03465295 -0.41706016 0.09866910 0.25999098 13.00000000
-3.89103504 4.08349870 3.98734556 -2.94132447 7.77033807 -2.04668398 -1.03945777 -0.65962339 -2.38991953 -0.59066831 -3.49519397 -3.10129618 0.67399574 0.35260957 0.77249438 0.29061977 1.31583269 -0.34209218 -1.02229792 0.78084199 -0.25889658 -0.05418991 -0.57968771 0.20412019 0.03440224 0.33834750 -0.72928184 0.78056199 0.03248049 -0.03707347 0.50362871 -0.24769347 -0.18116138 -0.31488744 -0.03317252 -0.40762572 0.06813351 -0.48216724 -0.03390154 -0.38865215 -0.54512708 0.00206189 0.22530647 0.24846525 0.06654741 0.37682236 0.37388563 0.05735408 -0.00806677 -0.34975993 13.00000000
-9.72992220 -6.10716569 -3.32558400 4.61624007 8.05712334 -2.00859653 1.59355793 -1.12254054 1.22286152 -2.30231263 0.42936733 0.23324163 1.89203225 0.49548544 0.79647911 1.01194591 -2.34806913 0.45510606 0.49108650 -2.64387629 0.99208969 1.75873882 0.96436310 -0.77494702 2.02093896 0.55443602 0.03480364 -1.66393709 -0.12893734 -2.01023682 -0.76739544 1.21723806 -0.98865445 0.17838462 -0.16399713 0.09637520 -0.65456460 0.87433509 -1.82646738 -0.42398479 0.76524141 -0.47056665 -2.09953119 1.45884628 -2.05386345 0.15747795 -0.14131318 -0.11230722 -1.14481554 -0.87219991 13.00000000
-3.51614776 4.17178750 3.98633464 -2.48298513 8.39416398 -2.29422736 -0.80769862 -0.78109007 -2.16668744 -0.80452196 -3.66444458 -2.96789661 0.54796307 0.23767178 1.07884329 0.58953537 1.16809625 -0.51645144 -0.90514973 0.97913604 0.10244739 -0.11764038 -0.54585927 0.16768146 0.45955820 -0.28999217 -0.63867815 -0.05683201 0.18865698 0.35988647 0.30065948 -0.55627120 0.18295711 -0.14800568 -0.18269176 0.33885569 0.35288319 -0.61952385 0.14478874 -0.47640424 -0.49483010 -0.14862507 0.07270163 0.17163740 -0.22701658 0.44394021 0.31780797 -0.30997541 -0.18139345 -0.41815958 13.00000000
-4.24614867 3.63401103 3.89325313 -3.28925532 7.54018575 -2.18970716 -1.03109365 -0.93687049 -1.85018295 -1.12157479 -3.50136688 -2.90804277 0.45111031 0.48222473 0.90360289 0.91223733 1.34683140 -0.27406747 -0.93025066 0.87271691 -0.61923472 0.00395063 -0.56223090 -0.33936666 -0.06802655 0.69082470 -0.46487703 0.91474048 -0.17376050 -0.22030647 0.11546880 -0.17894567 -0.38974883 -0.20556864 -0.08510717 -0.36929387 0.34684137 -0.33446023 0.51130082 -0.99352113 -0.95302635 0.45159933 0.12344416 0.72752147 0.18264352 0.81312427 0.25058876 0.32721280 0.77587106 -0.69824878 13.00000000
11.86385733 -4.03876424 -4.49068125 -4.97400180 8.44039544 -1.59580389 -0.48111044 -0.40811422 1.97482910 -0.58895365 -0.41542642 0.36759853 0.37397853 -1.05543567 0.41964697 1.18406616 -0.75901776 0.55187995 2.74840151 -1.83879618 -0.18495860 -0.27802551 2.46460209 -0.42408766 0.61135858 -0.50006085 0.76966975 -2.66208163 -0.05201930 -0.15035850 -0.87809881 0.53841156 -0.27197667 0.53331142 -1.25527233 -0.50671297 1.25970189 -0.95671742 -0.16863100 -0.34317735 1.50375407 1.26648278 2.18250548 0.48903921 0.36496743 0.65996158 0.76178472 1.24337846 0.43495028 -0.08899690 13.00000000
-2.95348086 4.77385425 2.92560718 -2.60173901 8.10350635 -2.29251408 -0.70768134 -0.62474348 -2.69561258 -0.44729871 -2.83769650 -2.97991565 1.33095063 -0.03630541 0.69157240 -0.04034097 0.75205342 0.14526851 -0.37373336 0.21933881 0.10051574 0.09308219 -0.09268352 0.63746571 0.07674428 0.25662945 -0.46583096 -0.38421047 0.15052716 0.01241822 0.76345157 -0.11618441 0.18258475 -0.34960436 0.32424552 -0.34671165 -0.01235524 -0.03554869 -0.15261887 0.47396561 0.22873396 -0.59419898 -0.14068122 -0.61547059 -0.11107404 -0.86578055 -0.30167310 -0.46165060 -0.33443066 0.35806482 13.00000000
-2.80895991 4.61832069 2.70398930 -2.56296367 8.34941888 -2.48732584 -0.41010023 -0.96596106 -2.30468771 -0.99706331 -2.84845218 -2.89230041 1.08369975 -0.14249264 0.75239469 0.28703488 0.79206171 0.30846865 -0.22119992 0.18137145 0.50163472 -0.01606903 -0.03381080 0.48286346 0.54385700 -0.09525550 -0.22771327 -0.54176140 0.24310178 0.31142948 0.66390763 -0.36855577 0.34776619 0.01673014 0.35375651 -0.00340670 0.20279956 0.03041261 -0.05899298 0.50092218 0.19345664 -0.58885715 -0.12413278 -0.70762566 -0.19629729 -0.76248987 -0.29152578 -0.61126454 -0.01404208 0.33524632 13.00000000
-2.18013200 5.16821290 2.45688933 -2.14238792 7.92408723 -2.10137852 -0.54457700 -0.63793197 -2.46880446 -0.46268101 -2.29062512 -2.45819331 1.42673897 -0.50935269 0.61344638 -0.26880717 0.21053360 0.48204043 0.39714464 -0.47240609 0.63082292 -0.15751110 0.37060031 0.45808415 -0.00098880 0.07022461 0.25551234 -1.09963227 0.09152075 -0.24977793 0.68822516 -0.02099032 0.23093952 0.08897694 0.62972596 -0.08442223 0.10803884 0.38011112 0.01973201 0.90907415 0.60019780 -0.76186861 -0.25584200 -1.25419659 -0.03038805 -0.96407916 -0.63190326 -0.53769783 -0.03856319 0.69477151 13.00000000
-3.83909132 3.77164385 4.35591969 -2.65589724 8.26312497 -2.35146420 -0.49308992 -1.02397816 -1.61546051 -1.25342377 -3.91671322 -2.95092393 0.14244412 0.02974623 1.02157063 1.67602421 1.21428709 -0.62604586 -0.85378840 0.69992504 -0.75780575 -0.13276472 -0.76197621 -0.09025449 0.29883131 0.15433807 -0.49195300 0.87156935 -0.21388943 0.27351647 0.16122384 -0.06547176 -0.04672238 -0.03481385 -0.57146301 -0.13003438 0.53990024 -0.41856426 0.58191828 -0.66014356 -0.81717991 0.42508094 0.20804861 0.50607707 -0.14532993 0.54380764 0.46654854 0.29107808 0.49284728 -0.70590858 13.00000000
14.49318688 -0.86419898 5.88311442 6.50638134 -1.76665529 -3.88554899 -3.50802561 -3.02517656 -1.62434850 0.36281117 0.23746190 1.92232910 0.28735779 -0.06927615 0.73612112 0.00094868 0.29116093 -0.24236426 -0.00102386 0.35038283 -0.00432609 -1.09154132 -1.01917767 0.73895808 0.63840777 -0.55212978 -1.69332988 -0.39897270 -2.53640226 -0.45347178 0.14430519 -0.68334123 1.48904614 0.89769342 0.90996012 0.01092806 -0.68958386 0.16600094 0.73640333 0.21585765 0.27653786 0.05005864 -0.06224912 0.23934999 -0.42976652 0.20463062 -0.20508094 -0.09626447 0.21827700 0.26605627 14.00000000
14.73143117 -0.51457644 3.57940382 6.67255220 -1.59465215 -4.50336719 -4.29036449 -4.37757864 -0.15291784 -0.54230754 0.08753625 1.57523443 1.03045149 -0.25204580 0.76006081 -0.28785721 0.47373421 0.06782235 0.02036737 0.29639659 0.35066616 -0.29592477 -0.02823916 0.01276264 -0.09111593 -0.16086592 -0.80108207 -0.19235399 -1.18913255 0.01112528 0.28003224 -0.30636468 0.54766400 0.28553513 0.49729222 -0.19287275 -0.15681394 -0.06240559 0.74767423 0.00119427 0.36628303 0.30465272 -0.55220436 0.43865754 0.08826855 -0.17630018 -0.18853499 0.11698468 -0.13442717 0.14694794 14.00000000
14.24916968 -0.16393250 5.06219975 6.90114328 -2.01203592 -4.24771027 -4.01840079 -4.18303169 -0.69640639 -0.09643633 0.67802681 2.01301416 0.90141159 -0.51695862 1.50209801 -0.20940305 0.77703521 -0.07482664 0.10743513 -0.33606280 0.23184468 -0.95104837 -0.64489452 0.33601989 -0.30557076 0.13215398 -0.72883893 0.19123746 -1.35909323 -0.52962134 0.24198003 -0.13704809 1.04673392 0.08747751 0.30093536 -0.03272113 -0.07672893 0.14682259 0.24847506 0.12380650 -0.14452281 0.11305469 -0.03361975 -0.03568835 -0.07596811 -0.31944663 0.01148003 0.19947240 0.38208165 0.11705018 14.00000000
-0.62181664 -8.77113190 -3.76271962 6.20769551 1.09004073 -2.45267093 -4.53122917 -4.72680143 2.08721903 -2.70195261 -1.36843184 2.88210782 -0.38119505 1.44561382 -0.29588764 0.43153516 -1.18703525 0.26259641 -5.29101749 -3.63431342 -0.96356854 3.35772289 1.41391485 -1.58978887 2.42480832 0.21621447 -1.23338591 0.40764074 -0.33273827 -0.89926507 0.78365390 -0.02677004 -0.65719000 1.64812987 1.53816301 -1.36300885 0.92096174 -1.86629638 -1.33843612 -0.63762428 0.01215041 -1.31154226 -0.48593968 -1.13253728 -0.01286205 1.31028282 -0.19292019 -0.21375376 -0.35954198 0.94551852 14.00000000
12.92902713 1.11886039 2.68057408 6.98745311 -1.49524694 -4.22133952 -4.74888846 -4.00173682 0.78439212 0.13797355 -0.28706743 0.42810997 0.61284869 -0.56026674 0.48462955 -0.46537237 0.62376856 -0.02540994 0.65945112 0.22654516 0.28338489 0.92404582 0.79128299 -0.56184363 -1.14937290 0.54267672 1.62370765 1.04542776 2.72638001 0.64540763 0.33132538 0.26507238 -1.63812929 -0.44463546 -1.10339318 0.19404141 0.48557542 0.27707534 -0.25122399 0.03748354 0.05104822 -0.07967255 0.03411369 -0.17290999 0.32927228 0.14072133 0.11613851 -0.61709359 -0.52576327 -0.03917204 14.00000000
12.92902713 1.11886039 2.68057408 6.98745311 -1.49524694 -4.22133952 -4.74888846 -4.00173682 0.78439212 0.13797355 -0.28706743 0.42810997 0.61284869 -0.56026674 0.48462955 -0.46537237 0.62376856 -0.02540994 0.65945112 0.22654516 0.28338489 0.92404582 0.79128299 -0.56184363 -1.14937290 0.54267672 1.62370765 1.04542776 2.72638001 0.64540763 0.33132538 0.26507238 -1.63812929 -0.44463546 -1.10339318 0.19404141 0.48557542 0.27707534 -0.25122399 0.03748354 0.05104822 -0.07967255 0.03411369 -0.17290999 0.32927228 0.14072133 0.11613851 -0.61709359 -0.52576327 -0.03917204 14.00000000
21.57791979 -8.89938824 1.65697436 -1.35799719 0.82519267 -2.04905263 -2.72774293 -1.30112273 0.66560928 4.95969512 0.69147157 0.89210581 -0.13676853 -0.38617925 1.92170048 -0.21972246 0.39626829 -0.71810662 1.50451091 0.38959698 0.77587557 -1.77202696 -1.76391487 0.68821095 1.33203947 -0.28360663 -1.52216969 -0.75108179 -1.63376534 -0.55135400 -0.22171396 -0.51200154 1.11441215 -0.78054234 -0.18543515 -0.12792120 -0.29930898 -0.06761857 -0.71029125 0.01760698 0.62104347 0.05209170 0.76481816 -0.02930640 -0.29264989 0.51587340 -0.38041409 -0.64186874 -0.10835379 0.04466318 14.00000000
14.51733580 -0.47400332 4.29587335 6.52048529 -1.09948619 -4.56860595 -3.99539580 -4.15483522 -0.44447090 -0.76499053 1.36584152 2.70152868 0.52446282 -0.51447212 1.52271020 0.03980711 0.97838574 -0.25022588 0.12480938 0.00496120 -0.00775835 -0.70599567 -0.46814628 0.64537592 -0.11559444 -0.10414877 -1.31639780 -0.70653798 -2.14025903 -0.23719845 0.11205358 -0.32618959 1.11491322 0.27630438 0.14771953 0.33707944 -0.34853985 -0.18672908 0.37294653 -0.32217342 0.01295776 0.48071250 -0.20102693 0.42244685 0.19510706 -1.05718252 0.03471675 0.78614098 0.16686029 -0.22439547 14.00000000
12.20712609 1.68516774 2.37906250 6.79498681 -1.12586619 -3.97518916 -4.52741626 -3.51875272 1.36431761 0.25522205 0.01957041 0.18006672 0.49197345 -0.50574869 0.63431706 -0.26048587 1.00718471 0.05996195 0.82240571 0.38478795 0.37694392 0.98250964 0.91061213 -0.51150848 -0.93531045 0.63697846 1.93243676 0.77911467 3.30246450 0.90018096 -0.08495866 0.41018557 -1.90263971 -0.68919824 -1.14856497 0.16702273 0.34340876 0.25028913 -0.39103086 0.14236342 0.15202658 -0.13228612 0.21434159 0.02545284 0.15721296 0.22696040 0.11122281 -0.42389666 -0.26707874 -0.11442143 14.00000000
13.83662225 0.28425900 4.60924411 6.82551081 -1.32867418 -4.44277153 -3.78205168 -4.21653875 0.29044862 -0.39058449 1.39406666 2.37406313 1.02614582 -0.69315607 1.83059692 0.23700514 1.48634759 0.01904078 0.26448333 -0.27290133 0.25514008 -0.60118477 -0.51420746 0.61926219 -0.67151119 0.10707439 -0.22003476 0.01394840 -0.47862424 -0.02195068 -0.31910026 0.34913058 0.40053051 -0.60207841 -0.08999629 0.09859305 -0.33396097 -0.16039801 0.09913284 -0.04481838 -0.50398945 0.04511787 0.05331630 -0.02883440 -0.03296918 -0.55814835 0.41418453 0.45854403 0.15032580 -0.30891554 14.00000000
13.53647174 0.42361299 3.89546719 6.97966337 -1.36347712 -4.40717193 -4.30309604 -4.47642699 0.35573506 -0.25400635 0.66751797 1.68782962 0.75170154 -0.62666610 1.44875319 -0.04122417 1.06780701 0.03300913 0.36143181 -0.10434668 0.47653314 -0.26988576 0.08134037 0.08054855 -0.49132437 0.21409171 0.25194835 0.40191549 0.77924511 0.16837227 -0.14028104 0.18899741 -0.19218338 -0.46678845 -0.18551489 0.08052306 0.34590366 -0.31649916 0.09530420 0.18322847 -0.15074540 0.06713970 -0.20469302 0.04340333 0.24879320 -0.22847138 0.04718953 0.21140041 0.26573077 -0.17453581 14.00000000
2.98289904 5.41306671 -5.82982047 0.60289187 -0.21898701 -0.24678297 -0.53611207 1.88097531 0.24154473 -0.98711531 0.70113033 0.54739601 1.61734614 -1.21151897 -0.31507431 -0.69736101 1.38890856 -0.45560822 -1.24929342 -0.07338631 -1.50481058 -0.37272914 -0.87533151 -0.05641055 0.69813011 0.00495354 0.77157342 -0.44668697 -0.59120968 -0.49023474 -1.41696382 -0.87634064 -1.79789280 -0.26883215 1.39537849 0.70457526 0.57314299 1.25423413 1.08457227 1.14908567 0.12095035 1.08648302 0.28078376 -0.58331404 0.11156688 1.87238648 -0.85381718 -0.05902706 0.66215691 -0.16841275 15.00000000
0.58754702 4.43323149 -3.03324751 -0.75108567 -6.28414416 4.98098968 -0.14748526 0.03004538 -0.49949148 -1.26526913 -2.22597186 0.00858510 3.36703631 -4.03198242 -0.59249227 0.26438035 -0.55087435 -2.02311643 -0.31318655 -1.60137877 1.39905592 -0.34151896 0.21797932 -0.35421842 0.54323270 -2.05535881 0.07715074 -0.72229398 0.06553128 1.96194586 -0.37570677 1.30948602 1.36417025 0.70886075 0.96665953 0.89970177 0.39781506 -0.38761118 0.44185052 -0.41646727 -0.17145859 -0.88803759 1.03575302 1.17573441 1.24504151 1.07884493 -0.52309461 -1.47881824 -0.92422262 -0.55853941 15.00000000
-0.61068379 5.94873298 -2.88176632 -0.90636468 0.71179710 0.68833074 -0.49954152 1.55352072 -3.05572983 1.15888585 2.40884252 2.19195791 2.97374633 0.29355778 -0.55554565 -3.46873376 -0.69092641 -2.32037940 -2.56126358 1.00824050 -1.11509955 0.80036732 -1.62351436 1.51464884 0.16873171 -0.75956579 2.52889143 -1.25239484 0.24849612 0.19513361 -0.43941480 -0.55411002 0.20099084 0.88674747 -0.76195140 -0.38624543 0.41013042 -0.48437204 -0.23923755 -0.15051870 0.05077529 -0.41626491 0.09474470 0.36670955 -0.38527369 -0.71908733 0.50082191 -0.11365375 0.27292499 -0.16119579 15.00000000
-9.84597133 -10.64641794 -10.18389785 7.72133342 2.00754057 0.62123460 -1.16370421 0.68975255 1.60134368 -1.54262924 1.85037908 0.32324747 -0.32119716 1.58239915 -0.23871842 1.33778129 0.62918761 0.33066435 -2.90444240 -1.35039788 -0.04342943 0.90371488 -1.20837857 0.04974471 1.59513384 0.40616450 -1.14559855 -0.75839536 -0.43086873 0.49802079 0.50197234 -0.98849732 -2.23268403 -1.70677495 0.92186371 0.00219615 0.31977009 1.01090480 1.22801630 -0.13019025 -0.86176413 -0.65765695 1.01149391 0.77795199 0.47597780 -0.28401834 1.01798282 -0.13049286 0.23520669 0.60923438 15.00000000
3.03351219 5.15883721 -3.61857695 1.10556958 -6.85457599 4.60232847 -0.50672671 2.14903214 0.37161305 -1.16613915 -3.88022913 -0.62761815 2.22331520 -3.98028746 -0.99493000 0.19452464 0.50371478 -3.36540067 -0.13752368 -1.08827229 2.40880538 0.79817075 -0.33710993 -0.63032298 0.52878849 1.55949155 -1.40068368 -0.04237651 -0.54673367 0.23820301 -0.09008748 0.40602652 -0.52765266 -0.13518294 -0.60685642 0.18782689 0.28865113 0.00348030 -0.48186165 -0.11823157 -0.11884049 0.35591644 -0.52069866 -0.09709902 -0.18796630 -0.27474692 0.26160078 0.66151007 0.09348244 0.13835772 15.00000000
3.93980192 7.03935179 -2.96255843 2.77509021 -0.38855246 0.68127698 -1.18351552 4.19839470 0.09952507 1.10434869 1.21532495 1.35655240 0.13760504 -0.06353529 -0.96188499 -1.03737534 0.65050024 -1.29208890 -1.61151629 1.46938325 -1.37729830 0.56612664 -1.66905456 0.21469809 -0.00384954 1.68473253 -1.05329541 -0.28875403 0.01226687 -0.48039346 -0.27492986 -1.61950354 -2.13215189 -1.97076546 -0.29981787 -0.05008564 -0.00194203 1.33847373 0.97456781 -0.69329822 0.00460443 0.59949869 0.27739435 -0.46001077 -1.26401821 1.24407061 -1.61027907 -0.22147320 0.67400078 -0.17953279 15.00000000
15.41840629 -7.05316680 -6.05060921 -7.56444831 4.24664920 0.85694318 -1.83844695 1.80159999 0.78365227 3.71054077 0.28846142 0.97081537 0.02984877 -1.40751988 0.39125250 -2.06282757 0.51814174 -0.81777455 -0.50723642 -0.16155605 -1.31933161 -0.30405067 0.48442449 0.00747936 1.15316415 0.40049560 0.80596299 0.83621897 -0.86668552 0.98377132 -0.50609183 -0.85908280 -0.77122405 -0.30809780 -0.04537270 0.04150708 0.54365621 -0.14516106 -0.72097473 0.36323839 0.38717110 -0.53180859 1.45113565 -0.12577666 0.20184834 -0.16184256 -0.62662177 0.07727455 0.53747145 0.50382610 15.00000000
-1.11831574 5.79470722 -2.46747873 -1.07319849 0.75041891 0.73263946 -0.24212708 1.18893997 -3.25228802 1.45739862 2.45355311 2.07578370 2.81534685 0.45112854 -0.47381175 -3.74257459 -0.79753466 -2.32152993 -2.43226918 0.92496494 -1.10531431 0.64670186 -1.37522911 1.04329556 0.02899012 -0.59499023 2.41332892 -1.30760717 0.32088366 0.39502499 -0.42723879 -0.75080258 0.35754153 0.83152444 -0.85654813 -0.29534446 0.48399537 -0.45136794 -0.02599556 -0.49236677 -0.16762550 -0.64837647 -0.35715268 0.40886870 -0.29496229 -0.42571182 0.37599373 0.20851036 0.23925547 0.14166779 15.00000000
3.38202384 5.09311009 -3.23650487 1.38317625 -6.90841258 4.49435413 -0.68263473 2.33649820 0.52124372 -1.12459943 -4.01029182 -0.84469258 1.91796715 -4.19513960 -1.12036296 0.48460555 0.57549885 -3.33985449 -0.18493653 -0.74071213 2.29177617 0.91094972 -0.42355136 -0.64163112 0.33836220 1.60189823 -1.49049575 0.06508268 -0.31810685 0.18009965 -0.13533251 0.34831177 -0.61772751 -0.11859085 -0.48984232 -0.00009933 0.26780110 0.11149576 -0.39940878 -0.16021546 -0.03095372 0.57141310 -0.67214766 -0.15827808 -0.35746764 -0.65484890 0.09211991 0.71240800 0.27867368 0.17756736 15.00000000
3.05791804 4.73779558 -4.11779721 0.95587987 -6.78404438 4.31584863 -0.35668279 1.49985794 0.68724331 -1.98989649 -4.04262532 -0.58878458 2.22266892 -3.80382920 -0.95642219 0.15915312 0.51789137 -3.37667455 0.12346797 -1.45822445 2.35759371 0.43153509 -0.19060331 -0.36359215 0.80861376 1.29326632 -1.34563451 -0.01016277 -0.53133179 0.68756601 -0.53718249 0.50632623 -0.26741746 -0.04790268 -0.38988769 0.23383911 -0.04208304 0.27232323 -0.73267168 0.27907648 -0.41751936 0.08896477 0.13349112 -0.38784690 0.30200341 -0.76579848 -0.03620610 -0.00815147 0.31851406 -0.13997540 15.00000000
-2.07820685 5.02377220 -1.27238891 -1.88971837 2.19543164 -0.32326623 -0.42931057 0.70076804 -3.38293066 0.52902123 2.16395151 1.14408981 2.19142698 -0.14001041 -0.30698989 -3.85714710 -0.39117289 -2.05771150 -2.13066800 0.55660549 -0.22546960 0.48558209 -1.27405490 0.74913235 -0.05942400 -0.41585566 2.57324486 -1.25860020 0.53060497 0.58544560 0.43819057 -0.82147020 0.77492945 1.42127390 -0.14294483 -0.79805400 -0.03569548 -0.58936732 -0.68050665 -0.00462032 -0.01076560 -0.22516628 -0.66559673 0.25398400 0.77577896 -1.23831215 0.03934207 0.25711092 0.67457947 0.35225161 15.00000000
