-3.28784306 -0.09344167 1.12197138 -0.87551246 -1.88077291 -0.82353407 -0.91963447 0.70187889 -0.97592069 1.51794340 0.66294883 -0.24237977 0.17443638 0.43884101 0.23803825 0.68657224 -0.40399692 0.36140369 0.74549831 -0.79445310 1.00000000
-1.35091920 1.84102722 1.69383400 -0.68674929 -1.63724719 0.10958165 0.47853758 -0.47589014 -1.66434664 2.20007664 0.68818500 -0.81522591 0.20101666 -0.30573115 0.32144214 0.80643318 -0.10416468 0.04231436 0.90666855 0.06041557 1.00000000
-1.21424047 1.88596968 1.37025364 -0.70219762 -1.80338110 0.20375277 0.23937759 -0.44916359 -1.52365832 2.03748858 0.56322691 -0.80042788 0.34483827 -0.13012954 0.37645296 0.90454319 -0.21300786 0.13678652 1.17708010 0.28133564 1.00000000
-6.93715051 -5.27650838 -2.21209157 4.01531459 -0.49306523 1.27286542 -0.52433627 0.44828404 -1.65123395 1.20821817 1.04348372 -1.04580979 0.95157495 -0.00361610 0.16632072 0.79882392 0.51753425 0.48321516 0.42527342 -0.01673616 1.00000000
-3.09359894 0.29853952 4.24498306 -0.19887138 -0.62977468 -0.44885269 -0.76982855 1.97014959 -0.00427945 1.58788098 -0.91150869 0.31592417 -1.16082805 0.17314238 0.50886906 -0.55848716 -0.31049702 -0.64268002 -0.51780548 0.15744517 1.00000000
-1.57050734 1.68934399 2.12183043 -0.80789971 -2.20713326 0.43509306 0.39932112 -0.42369505 -1.67590680 2.18221406 0.87213588 -1.01236502 0.23850787 -0.56412375 0.51618832 0.98037192 -0.15372563 0.11881739 1.02574153 0.48399985 1.00000000
5.64379205 -7.51533558 -3.56906752 -5.03905490 -0.17697032 1.04372166 -1.63174384 -0.33627536 0.93010922 1.96434470 -0.05808442 -0.86324163 0.22692041 -0.42339040 0.09583709 1.07360438 0.20892780 -0.12096082 0.85377589 -0.20451918 1.00000000
-1.53511764 1.79295017 1.89886058 -0.75569591 -1.81690500 0.21126358 0.17961526 -0.34773711 -1.37797258 2.19121888 0.84874759 -1.09845230 0.32748297 -0.27087891 0.29710419 0.80104568 -0.11521978 0.09911782 0.91379396 0.29518055 1.00000000
-1.81728326 1.55838148 2.23163757 -0.85527736 -1.91119296 0.05270438 0.02199528 -0.13114826 -1.63274527 2.24159835 0.75665320 -1.16963238 0.23281416 -0.36397964 0.25635856 0.94708641 -0.21116821 0.37091902 0.96319639 0.19445957 1.00000000
-2.28266993 1.22944026 2.93592528 -1.03861395 -1.68596205 0.08175268 -0.14291256 -0.28820096 -1.06511984 1.87054142 0.72222007 -1.02466371 0.35638030 -0.71136798 0.09420778 1.22449280 -0.12817901 0.58033242 0.79345662 0.21990791 1.00000000
-2.27398703 1.24056459 2.67044165 -0.88093611 -1.63080993 -0.21547694 -0.30844315 0.16953214 -1.42010291 2.07543708 0.62699804 -1.16521503 0.10847127 -0.24339436 0.11351213 0.51191933 -0.23658130 0.42221006 0.75423770 0.00382817 1.00000000
-4.00959236 -0.24160639 3.98282223 -1.40635346 -1.70880661 0.16625251 -2.47166352 2.54230631 -0.18105987 0.67464102 -0.64415259 0.75934428 -0.31426845 1.13931731 0.44095462 0.06419686 0.62292506 -0.22956214 0.12528628 0.58074047 2.00000000
-4.16544092 0.01205495 1.25920601 -1.64555863 -0.92133275 0.78853565 -0.82648047 -0.44648696 0.04410150 0.54614774 0.03441681 0.04594991 1.25111237 0.43799124 -0.72798171 0.30803482 -0.09888598 0.88624188 -0.26397353 -0.44340433 2.00000000
-5.45210311 -1.51028179 2.68626153 -0.91548919 -0.99243409 1.05913750 -2.09510014 1.47560171 0.94487739 -0.10613724 -0.88751027 1.00826159 -0.07968032 1.08642447 -0.15343493 0.60805582 0.31737145 0.19886516 0.46262397 0.50872335 2.00000000
-7.72109086 -4.86483834 0.93946921 2.87350790 0.57928467 1.46369731 -1.30051533 1.92483652 -0.73654466 0.86811886 -0.93583304 -0.08697716 -0.22528990 0.54898855 0.47989927 -0.51756475 0.98454216 -0.38937781 -0.64641187 0.61411914 2.00000000
-5.18086520 -1.09817120 2.41278246 -1.42333768 -0.81347416 0.97019539 -2.36166010 1.53681783 0.99288905 -0.24358019 -0.70386003 1.01936720 0.31023608 1.63485291 -0.40352452 0.62132872 0.37173992 0.31992262 -0.37864515 -0.17100830 2.00000000
-5.18086520 -1.09817120 2.41278246 -1.42333768 -0.81347416 0.97019539 -2.36166010 1.53681783 0.99288905 -0.24358019 -0.70386003 1.01936720 0.31023608 1.63485291 -0.40352452 0.62132872 0.37173992 0.31992262 -0.37864515 -0.17100830 2.00000000
0.18710064 -3.62611419 0.66949241 -3.75230561 0.44632783 0.33090196 -2.61449809 1.06818516 1.51472847 0.73896681 -0.58430792 0.66067481 -0.33368986 0.93657224 0.35211607 0.66404465 -0.15954442 -0.31228282 0.46865866 -0.02334591 2.00000000
-5.26438110 -1.14986051 2.56623000 -1.34456078 -1.03875302 0.97262125 -1.98340241 1.02025044 0.92083457 0.02323380 -0.64402812 0.80277868 0.18930426 1.08603416 -0.44683478 0.49486597 0.21212529 0.34622718 -0.16425603 0.02569814 2.00000000
-5.15412585 -1.06757936 2.38167977 -1.45611825 -0.77953626 0.93394398 -2.36301208 1.52948513 0.93327295 -0.23496956 -0.67020563 0.97328437 0.29593707 1.61822388 -0.40183071 0.60917012 0.37262855 0.26157950 -0.47433781 -0.25559897 2.00000000
-4.98101905 -1.00451512 2.10103747 -1.38822975 -1.18336955 0.80537712 -1.77845787 0.40712710 0.85894008 -0.50505810 -0.55022029 0.40588459 0.34391122 0.40025185 -0.67688684 1.52419885 0.51595642 0.86017833 0.21224969 0.69704655 2.00000000
-4.89471070 -0.51434935 1.83836891 -1.66284595 -0.87218181 0.71038640 -1.73424516 0.40968067 0.45206923 0.15086860 -0.32115240 0.56632174 0.60151075 0.88577032 -1.01033395 0.41216295 0.19544037 0.49245492 -0.52792961 -0.60167751 2.00000000
-1.87156882 1.77427446 -1.17771520 -1.47079003 1.21129589 -1.10015905 0.08794428 -1.36256391 -1.53931155 0.38786039 0.41529292 -0.13913648 0.01595837 0.80217272 -0.56299007 -0.15082840 0.22521881 -0.98734422 0.07277569 -0.72471532 3.00000000
-0.39085256 2.94118508 -1.60574179 -0.56315476 2.30047960 -0.51017545 -0.12629640 -0.54430533 -1.46840937 0.46571597 0.24893367 0.18572038 0.20802586 0.98840984 -0.45397715 -0.42345160 -0.43653847 -0.83544396 -0.02466505 -0.66693669 3.00000000
1.75735924 3.57395038 -2.07122373 1.22442857 1.29485910 -0.80233326 -0.39485348 1.53519660 -1.05377880 0.58518488 0.44407330 0.44464091 -1.85643131 -0.44419512 -0.17945235 1.00181527 -0.14580493 -0.36441124 0.44080295 -0.50063744 3.00000000
-6.98534998 -5.42370089 -3.14517453 3.75290555 2.67041589 0.36606060 -0.06305831 -0.41243966 -1.28451468 0.16425349 0.80599316 -0.58197826 0.49572334 0.54114162 -0.04462309 -0.26408522 -0.22571995 0.18093596 -0.90588101 -0.16734657 3.00000000
1.69240655 3.74503150 -1.87750789 1.30415082 0.96034627 -0.43305503 -0.34999790 1.63096912 -1.04783461 0.86532730 0.44609728 0.45283102 -1.62931774 -0.37120404 -0.34407060 0.92483698 -0.23793140 -0.48488103 0.44866380 -0.42466227 3.00000000
1.69240655 3.74503150 -1.87750789 1.30415082 0.96034627 -0.43305503 -0.34999790 1.63096912 -1.04783461 0.86532730 0.44609728 0.45283102 -1.62931774 -0.37120404 -0.34407060 0.92483698 -0.23793140 -0.48488103 0.44866380 -0.42466227 3.00000000
6.81796122 -6.22063291 -4.31875322 -5.17985896 2.36601987 0.72754030 -0.57364067 -1.25801674 0.58024985 1.38247043 -0.77920987 -0.64548189 -0.83467603 -0.13001507 -0.52280909 -0.76423084 0.24735623 -0.40397532 0.65365189 -0.83042893 3.00000000
1.17397296 3.58061127 -1.81624729 0.93431598 1.06711144 -0.50504411 -0.09542581 1.35918373 -1.21674254 0.70978063 0.33770169 0.63279142 -1.06427052 -0.19964938 -0.49911564 0.64806305 -0.39020260 -0.90147516 0.35201078 -0.05334095 3.00000000
1.46845333 3.58466711 -1.90602050 1.04334075 1.45436625 -0.72394692 -0.36679031 1.36291393 -1.32583002 0.61971500 0.64326767 0.58955251 -1.66633525 -0.57649519 -0.16827245 0.99493680 -0.38216124 -0.49456281 0.50768624 -0.43466269 3.00000000
2.86446278 3.36660504 -1.17369841 2.13825321 -0.02633523 -0.07921155 -0.01129376 1.19870126 0.84973707 0.22836161 -0.43688487 -0.99080441 -1.05489848 -0.28199622 0.05040633 0.85885369 -0.05077639 -0.23966632 0.00328499 0.57879418 3.00000000
1.54968381 3.44441017 -1.94400290 1.06772358 1.61269392 -0.87866301 -0.32683901 1.19527986 -1.00770553 0.36954898 0.54555786 0.50111122 -1.92106527 -0.63724756 -0.03415704 1.16071902 -0.28768594 -0.08796418 0.51175061 -0.32409780 3.00000000
-2.94113005 0.73662775 0.58871773 -2.54190804 -1.18910408 -0.27421673 -1.40374771 -0.40429133 -1.13903014 -0.77809243 1.59613112 -0.92148333 -0.26439388 -0.67552230 -0.18739373 -1.03384513 0.18152554 0.50875188 0.04443088 0.22856799 4.00000000
-4.05280971 -0.49652063 1.18139971 -2.17836501 -1.19762870 -0.03640194 -1.79848496 0.09293434 0.39316600 -2.30255547 1.33220696 -0.64902936 -0.76468289 -0.97544001 -0.36947116 -0.36332391 0.29566403 0.02108082 0.25040351 0.20483257 4.00000000
-3.83409993 -0.17695934 1.05065083 -2.51501716 -1.00541370 -0.29450357 -1.78853961 -0.08658360 -0.00675007 -2.29281001 1.27626195 -1.24453067 -0.90214024 -1.01544499 -0.27997962 -0.70153643 0.05147650 -0.11238189 0.09038262 0.15113429 4.00000000
-6.56898861 -4.34062546 -1.82291299 2.35371183 -0.54458446 0.59615399 -0.53923033 0.40735365 -1.32670385 0.01738931 1.44778989 -0.57107545 -0.04283394 -1.00535920 0.03995165 -1.27339493 0.23293889 1.08201116 0.25799118 0.51814197 4.00000000
-3.33856239 0.27604844 0.39909586 -2.48204333 -0.75981437 -0.49094313 -0.97321876 -0.74907382 -0.39721792 -1.62675945 1.62281703 -1.23453054 -0.18317661 -0.82889060 -0.27375251 -1.25367776 -0.17023126 0.11428275 0.07607553 0.00845312 4.00000000
-4.05396274 -0.49195672 1.27110370 -2.34557844 -0.93743362 -0.45440123 -1.91278767 0.21537571 0.26177920 -2.36690613 0.96961063 -1.05252665 -1.13086945 -0.94262444 -0.17793794 -0.54048847 0.12881830 -0.32286803 0.08904727 0.15114051 4.00000000
5.05856701 -6.70552107 -4.10496151 -5.61109334 0.15644162 1.02621343 -1.09471742 -0.98888981 0.80257778 0.71914316 -0.14006711 -0.51794627 -0.20300091 -0.42146274 -0.11892967 -0.59357164 0.07743250 -0.10528833 0.52097129 -0.39946605 4.00000000
-4.05396274 -0.49195672 1.27110370 -2.34557844 -0.93743362 -0.45440123 -1.91278767 0.21537571 0.26177920 -2.36690613 0.96961063 -1.05252665 -1.13086945 -0.94262444 -0.17793794 -0.54048847 0.12881830 -0.32286803 0.08904727 0.15114051 4.00000000
-4.00719803 -0.28795289 1.49077889 -2.24359691 -0.94557886 -0.15998790 -1.92685502 0.10813295 0.02568587 -2.06667203 1.39438392 -1.02842672 -0.99963278 -0.85928532 -0.39615831 -0.63888272 0.27601775 -0.07194305 0.22326003 0.33580560 4.00000000
-3.77359454 -0.17552720 0.72670254 -2.40652952 -0.73850536 -0.58743479 -1.39829676 -0.45903461 -0.13427678 -2.11513783 1.30478609 -1.30880424 -0.64132528 -1.16051979 -0.30384774 -0.93043354 -0.02673987 -0.00908696 0.03998537 -0.03194280 4.00000000
-3.67452372 -0.00594675 0.53853893 -2.57278938 -0.59006336 -0.65377194 -1.50288648 -0.52991723 -0.19336927 -2.05776630 1.25881078 -1.29322206 -0.42250345 -0.99696349 -0.27418474 -0.92924693 -0.00903260 0.05427211 0.17552682 -0.09411603 4.00000000
-2.92254248 0.38240250 3.18527462 -0.44350038 0.78487010 -0.22173365 0.84600471 -0.21761352 0.64361301 0.35707391 -0.38390024 0.82505026 -0.78650356 -0.63617172 -0.30721489 -0.41666789 0.15466890 0.19317334 -0.51933280 -0.28209483 5.00000000
-2.27968362 1.05343150 3.46419154 -0.40645144 1.43681352 0.93588925 1.63253104 -1.08686668 1.33146391 0.35543580 0.10790863 1.21844322 -0.35976127 -0.61484465 -0.89192083 0.14659609 0.58770548 0.36422819 0.03605195 0.06936050 5.00000000
-2.30898896 1.09961485 3.37877725 -0.51617607 1.20188210 1.02214355 1.70309464 -1.42981715 1.49873030 0.58580426 0.20003399 1.20590561 -0.18085477 -0.67586197 -1.05927772 0.02284967 0.32666781 0.43834287 0.14841042 0.23534510 5.00000000
-6.62381481 -4.51266262 0.91964812 4.35655466 1.72429587 1.85972406 0.53912983 0.11092613 -0.35449477 1.37231860 0.21975746 0.28474096 -0.44696075 -0.91337270 -0.22193662 -0.24722874 0.53266340 0.81880080 -0.02135771 0.80258642 5.00000000
-2.48735474 0.91838878 3.79933379 -0.37898366 1.35378710 0.86995023 1.47671267 -0.99591832 1.39316369 0.27596686 -0.08650098 1.18282972 -0.68751441 -0.92908080 -0.87079504 0.21117536 0.58979053 0.28715817 0.01880266 0.17496356 5.00000000
-2.15334282 1.20115165 3.31437456 -0.38291422 1.25685047 0.91103726 1.88125395 -1.33962631 1.26409093 0.57101980 0.24068742 1.17449368 -0.28258121 -0.89079107 -0.95920585 0.06764595 0.42661966 0.35106435 0.19399618 0.24511030 5.00000000
5.55821472 -7.46974863 -2.55237669 -4.55550156 1.98537280 1.40208837 -0.13732470 -0.93033825 2.71290911 1.44514940 -0.06949594 0.27494789 -0.58646261 -0.58779016 -0.84729952 0.01211347 0.50758536 -0.38934157 0.33230292 -0.19884414 5.00000000
-2.01933811 1.31278939 3.11527917 -0.40672810 1.22957486 1.02819628 1.79649943 -1.36095885 1.36401448 0.62581669 0.23437443 1.15717898 -0.08402525 -0.65683127 -0.92080746 -0.03508670 0.28339106 0.47896080 0.23524095 0.26106730 5.00000000
-1.98382916 1.30013222 3.09518424 -0.35980558 1.32799154 0.94887943 1.88326276 -1.34417429 1.28605069 0.59592572 0.22583418 1.13948066 -0.06267631 -0.68826371 -0.87680150 0.03841339 0.30991778 0.46436973 0.24719759 0.17280024 5.00000000
-2.62178488 0.81825783 3.54656783 -0.53441850 1.24357751 0.88658522 1.33103388 -0.85467505 1.56187133 0.15129021 0.01332928 1.21439116 -0.64175073 -0.64192100 -0.83352684 0.01139635 0.45951502 0.36704505 -0.07186218 0.16165247 5.00000000
-2.27762769 1.08152784 3.33771885 -0.49004719 1.26977045 0.91357274 1.65814860 -1.31726080 1.36913466 0.35860431 0.23072197 1.24045482 -0.30763178 -0.82337671 -0.99771208 0.05796555 0.47036782 0.41695003 0.13655858 0.27937512 5.00000000
6.41351360 -0.46078642 2.53257450 2.70910127 -1.44223111 -0.14643194 -1.33971710 0.01883522 -1.75269343 1.02886418 -2.40781818 -0.89871262 -0.32821503 -1.03016597 -3.30829019 -0.70407587 -1.81750922 -1.02523405 -0.60602057 0.75804300 6.00000000
9.75912629 -4.93128187 3.68307450 -1.21718833 0.04681364 1.46549848 2.38169506 2.14917452 -1.59344521 -0.61455142 0.79451276 -0.26445991 -0.07582677 0.10182489 1.29938530 -0.15766116 1.23415651 -0.10998836 -1.01262724 0.08538892 6.00000000
9.11809975 -4.13449469 3.27718155 0.25076421 -0.22913656 0.83398151 1.86147516 0.81037163 -1.55898721 -2.08684114 0.18295270 -0.10830981 0.13143175 0.74617640 -0.79610846 0.52561747 -0.69671006 0.41387251 0.54965433 -0.34480555 6.00000000
-1.40619500 -6.62841838 -2.11758429 5.72470630 0.91748277 1.31130956 -1.41916168 -1.52576769 -0.91362580 -0.98123780 -1.79842404 -0.14823080 -0.07378457 -0.39736718 -2.65808839 0.49051084 -1.21581295 -0.36260798 -0.35935399 -0.37830191 6.00000000
9.10576603 -4.00985021 3.02885178 0.51123931 -0.36011296 0.78731404 1.70456790 0.63922385 -1.55512827 -2.10052910 0.08458242 0.03933953 0.21549012 0.79931683 -1.01020834 0.43412355 -0.98049673 0.40675108 0.69458060 -0.42543586 6.00000000
9.10576603 -4.00985021 3.02885178 0.51123931 -0.36011296 0.78731404 1.70456790 0.63922385 -1.55512827 -2.10052910 0.08458242 0.03933953 0.21549012 0.79931683 -1.01020834 0.43412355 -0.98049673 0.40675108 0.69458060 -0.42543586 6.00000000
9.42131834 -2.91548324 1.12665947 1.16382871 -1.24665382 -0.74836243 -0.89439051 -0.09815272 -0.89948308 1.61976773 -1.80287933 -1.19432515 -0.29653476 -0.40061617 -3.25268482 -0.52590710 -1.71704892 -1.28032887 -0.99380777 1.30381170 6.00000000
9.53551289 -4.51205370 3.30145684 0.00935231 -0.41874082 0.98062032 2.02466418 1.24501932 -1.72269381 -1.97854190 0.26664981 0.05788477 0.04741348 0.72451168 -0.46480008 0.44326269 -0.18779801 0.40189719 0.29679943 -0.26414581 6.00000000
9.28516569 -4.45803155 3.74021562 -0.57399091 -0.12568246 1.36239163 2.54778732 1.72610096 -1.61971513 -1.47220920 0.77046119 0.00377354 -0.03795800 0.31792392 0.64425453 0.24064539 0.57994085 0.45752503 -0.25805597 -0.02433417 6.00000000
9.65530337 -4.95777762 3.71803188 -1.24640274 0.11935974 1.24845144 2.47398068 2.21101320 -1.42653208 -0.70440186 0.85827793 -0.29293324 0.00229923 0.22163442 1.27469794 -0.21509646 1.50032751 -0.05534792 -0.84361906 0.35085916 6.00000000
9.79419363 -4.60610306 3.06865906 -0.07320948 -0.33507344 0.92174320 2.19912884 1.37456018 -1.78342016 -1.96117434 0.50887085 -0.09600926 0.07884526 0.71876048 -0.11589584 0.50137909 -0.05910077 0.43820744 0.03181957 -0.46741030 6.00000000
0.41305984 2.68426593 -3.39718585 -0.99896824 -0.51625238 0.75302343 0.15090875 -0.45413125 -0.13321776 -1.81736520 -0.55884995 0.56141801 1.32704437 -0.32177922 0.18637332 0.37654735 -0.17973730 0.19064251 0.21975422 0.71391537 7.00000000
2.43659466 3.52626026 -2.39078580 1.06358001 0.05232551 0.34521401 -0.12398806 1.24645829 1.57748432 -0.88246356 0.27165593 -0.01200892 0.39049475 0.38642998 -0.29112496 0.46028574 0.35220981 0.17357950 -0.27929570 0.93362005 7.00000000
0.57131755 3.50813335 -2.14787833 -0.45120118 1.24246810 0.01285768 0.07456915 0.95278607 -0.34266451 -0.13096010 0.76494340 1.04846686 1.36781644 0.26386054 -0.22470770 -0.39621722 -0.36204819 0.21516254 0.14240479 0.73257675 7.00000000
-5.80590781 -4.54604624 -5.05677952 3.37220723 1.96577219 0.39744592 0.41784071 -0.35258399 0.10902586 -0.91163122 1.39536727 0.36988796 1.28720103 0.90147686 -0.27322784 0.28858013 0.03065584 0.28218253 0.22841478 0.40099001 7.00000000
1.51101716 3.38430472 -2.67570768 0.26050122 1.10083087 -0.38150604 -0.22642619 1.38380629 0.13527046 -1.46289027 0.75572635 0.64366718 0.78640268 -0.62657273 -0.15883656 0.51973751 -0.25229133 -0.66710505 -0.48847866 0.42860998 7.00000000
1.51101716 3.38430472 -2.67570768 0.26050122 1.10083087 -0.38150604 -0.22642619 1.38380629 0.13527046 -1.46289027 0.75572635 0.64366718 0.78640268 -0.62657273 -0.15883656 0.51973751 -0.25229133 -0.66710505 -0.48847866 0.42860998 7.00000000
6.90074811 -2.37411649 -4.18161624 -3.52818445 2.18195537 0.50631678 -0.82716623 0.62968260 1.48192210 0.20452622 0.11045979 0.64500159 0.34888009 -0.53508223 -0.19652890 0.10750179 0.17879090 0.22998094 0.35045617 0.63464954 7.00000000
1.53763032 3.42977298 -2.15778231 0.31112784 2.26460915 -0.98519188 -0.06064115 1.33253391 0.26426351 -0.92680237 1.10246131 0.42266797 0.48403181 0.22436525 -0.34580057 0.53762419 -0.03824318 -0.34659323 0.14519854 0.67459071 7.00000000
1.59506503 3.40247151 -2.57979481 0.34055713 1.12641583 -0.54746726 -0.22136205 1.42868365 0.22198722 -1.39599835 0.83844623 0.57939991 0.81460217 -0.59215690 -0.25570819 0.60521585 -0.15866544 -0.78178845 -0.49315496 0.62562269 7.00000000
2.44001106 3.18431273 -2.09577925 0.77397816 1.63118617 -1.38996227 -0.11806902 1.37421738 0.97823980 -1.04656227 0.93223180 -0.00894888 0.02834175 0.19991909 -0.26130283 0.70415586 0.45663274 -0.13904276 -0.16206677 0.94958999 7.00000000
2.03864591 3.25991314 -2.00349699 0.71710713 2.00925551 -1.19740201 -0.18700534 1.23969368 0.61209336 -1.08361052 1.12752101 0.17628704 -0.22172463 -0.64458151 -0.18024448 1.13336506 -0.11281968 0.01049131 -0.03249790 0.90226135 7.00000000
2.52223737 2.99149045 -1.45470532 1.05823294 -1.41438798 1.02101610 -0.14974706 1.05763482 -0.52988413 0.50336195 -1.00478636 0.08169822 -0.78794828 -1.29250181 0.78069102 -0.06088446 -0.03845791 1.16792458 -0.97065386 -0.64323445 8.00000000
2.06093990 3.50336240 -1.93845951 1.07258082 0.49769875 1.10082030 -0.16844670 1.13834571 0.15241430 0.59872999 -0.14735348 0.36774357 -1.13686091 -0.22865896 -0.01402443 0.19441032 0.03408930 1.27971341 -0.75135033 -1.49697332 8.00000000
1.78148607 3.09626095 -1.11562984 1.10996672 -0.34562697 1.60912584 0.67200304 0.46177415 0.68012227 0.36657837 -0.35144781 -0.00079051 -0.73911205 -1.04454335 0.67315002 0.21446567 -0.36680639 1.62009576 -0.65003610 -0.61376237 8.00000000
-4.19364077 -4.74600156 -4.24919493 5.05708339 -0.88775179 3.11910092 -0.63440110 -0.26286081 -0.66826428 -0.66938180 -1.35823072 -1.11372039 -0.46897208 -1.29898985 0.52636459 0.56878221 0.21622029 0.76321081 -0.98383664 -0.94753881 8.00000000
1.38135917 2.99983176 -2.12378026 0.46123292 -1.27606709 1.76059800 0.07889587 0.55247628 -0.42790352 -0.09744597 -0.79785305 0.60847102 -0.63231793 -0.95349296 0.81865986 -0.18824714 -0.03023445 0.73248359 -0.80540588 -0.54341422 8.00000000
2.06093990 3.50336240 -1.93845951 1.07258082 0.49769875 1.10082030 -0.16844670 1.13834571 0.15241430 0.59872999 -0.14735348 0.36774357 -1.13686091 -0.22865896 -0.01402443 0.19441032 0.03408930 1.27971341 -0.75135033 -1.49697332 8.00000000
4.88529549 -2.67542134 -4.23682496 -4.12739545 -0.06855020 2.30097554 -0.41736513 -0.20961464 0.28123382 1.38222152 -0.69746377 0.18312732 -0.59320279 -0.62880313 1.58476454 -0.24751791 -0.76005885 0.50337160 -0.85195132 -0.62488540 8.00000000
-0.46043550 2.50367652 -0.21234420 -0.24474567 0.32125646 1.55822157 1.34282361 -0.63569116 -0.50462733 0.46813958 0.68615398 0.38185715 -0.11574190 -0.45797479 0.21840597 -0.76614687 -0.13108314 0.30835288 -0.14855921 0.10975235 8.00000000
3.10390082 2.75945791 -0.56347603 2.02596530 -0.95986373 1.34860381 0.22178992 0.59812665 1.32442294 0.22185895 -1.02786885 -0.73188389 -0.09793328 -1.50811078 0.38640826 -0.06979504 -0.26883265 1.00768778 -0.82614594 -0.56473090 8.00000000
-1.78670617 1.91211551 0.77021145 -0.93509670 2.47061403 -0.08611661 0.18890495 -0.96841061 -0.89731217 -0.02543318 -0.11140149 -0.34067287 0.18224213 0.88196808 0.11584706 -1.56213170 -0.35976458 0.21491664 0.05216758 0.09287436 8.00000000
-0.31972643 2.14543801 -1.22418996 -0.82146540 -1.58278813 1.84702382 0.46363689 -1.13409025 -0.77327017 -0.52233159 -0.02569098 0.32114558 -0.08002525 -0.64752131 1.07470014 -0.05735989 0.01690996 0.10463670 -0.84077610 -0.10109073 8.00000000
0.92449985 3.56369465 0.74390874 0.88663337 0.90261659 0.16677864 0.45798532 1.53924289 -0.69951123 2.06409629 0.53637655 0.33976457 1.30574840 0.04168318 -0.03437610 -0.99325233 -0.16479609 0.23715731 -0.16979686 1.56936024 9.00000000
-1.34909226 2.63206446 0.56167749 -0.75390377 1.04716102 1.51258311 0.55201449 -0.18793957 -0.67369005 1.13004766 0.13504008 0.58399257 1.00336323 0.11069610 -0.44640798 -1.96821801 -0.16384673 1.29719844 -0.14778643 0.11027850 9.00000000
2.54741120 3.07891988 0.09979824 2.31752410 -0.45608041 1.11765538 1.09302068 0.50465077 3.02422834 0.59020256 0.29347905 -2.00214349 -0.06353626 1.21954172 -0.05693423 -0.18333182 -0.20830192 -0.09924485 0.25429615 0.32333152 9.00000000
-6.64986469 -4.14153634 -1.61694530 4.65661179 2.05320723 1.93027941 0.64108337 0.07736786 -0.89199817 1.74039465 0.41597413 -0.16465730 0.46357931 -0.11466164 -0.67840527 -0.96965723 0.29890730 0.45968950 -0.21750461 0.78969415 9.00000000
2.40403126 2.99365774 0.13020277 2.34702468 -0.51780983 1.40273513 1.00631471 0.31629525 3.13183006 0.37810986 0.16151170 -2.37560012 -0.06573054 1.27021499 -0.09708492 -0.57369534 -0.19261754 -0.20310624 0.26081948 -0.06055313 9.00000000
2.40403126 2.99365774 0.13020277 2.34702468 -0.51780983 1.40273513 1.00631471 0.31629525 3.13183006 0.37810986 0.16151170 -2.37560012 -0.06573054 1.27021499 -0.09708492 -0.57369534 -0.19261754 -0.20310624 0.26081948 -0.06055313 9.00000000
6.31373333 -1.70716207 -1.51114198 -2.53078891 1.60897977 0.72471094 -0.16732722 0.99383726 1.39476890 2.04463931 0.58497361 0.11473960 0.49749059 -0.24329201 0.32555188 -1.30856184 0.14417153 0.19511996 -0.25814907 1.37600917 9.00000000
2.59316008 3.17463612 -0.51544256 2.28830282 0.20234460 0.57914548 0.20043697 0.83024770 2.39524449 0.24260793 0.86340976 -1.61538990 -0.00314594 1.40814612 -0.59261724 -0.24851946 0.14409901 -0.56896567 -0.12936298 -0.60558191 9.00000000
3.10212915 2.74896129 0.24324699 2.63947580 -0.49070690 0.71505870 0.43600174 0.31119704 3.01232530 0.21330671 0.41826483 -2.27067216 -0.03254769 1.42574383 -0.28383809 -0.39148977 0.20426978 -0.00858950 0.13881058 -0.72573162 9.00000000
3.28331411 2.66869818 0.61510352 2.60130153 -0.79274419 1.02972323 0.94022300 -0.09829443 3.22016606 0.18516820 0.06630580 -2.26363611 -0.11235592 1.08192984 0.23651136 0.04174363 0.27473127 0.30596359 0.34905965 -0.19464886 9.00000000
3.36650258 2.21478410 0.93855962 2.63101641 -0.51901187 0.43168724 0.62999660 -0.45159752 2.96164877 -0.18367383 0.58540079 -2.17950772 0.09736734 0.91422304 0.24103224 -0.38031770 0.19460207 0.03296703 0.42142427 -0.29983137 9.00000000
-2.92788828 0.63625729 -0.89018599 -1.99944738 -2.50907438 -0.03542110 -0.02455324 -1.11949576 -0.86188831 0.27058540 0.72013361 0.18599637 0.00985972 0.93774264 -0.19203538 0.82757152 -0.33809616 -1.32736992 -0.99838297 0.01975312 10.00000000
-2.39070166 1.62369617 -0.72600870 -2.20086730 -0.20361021 -0.09600461 0.47783265 -1.37806435 -0.79619824 0.47177629 0.81308980 0.27965737 0.34612572 1.28088518 -0.53894223 -0.34713774 -0.23805868 -0.03737702 -0.17474951 0.33605525 10.00000000
-0.19060745 2.50692325 -2.89620628 -1.29295757 -1.98460053 1.57462720 0.87373859 -1.83794444 -0.92392132 -0.53445876 -0.86074704 0.34241992 -1.34443601 1.44559566 0.36271335 -0.45273758 -0.24657495 0.48680408 -0.00301159 0.98542359 10.00000000
-6.17311408 -3.88658679 -3.01863530 2.44774470 -1.11718338 1.37400943 -0.04871640 -0.59987599 -1.83634008 0.77119178 0.92150823 -0.62569177 0.44352500 0.49631804 -0.03662646 0.45626024 0.45071166 -0.85862356 -1.30780973 0.89101501 10.00000000
-0.34499117 2.41428386 -2.87508263 -1.46681046 -1.88114440 1.45330987 0.61115357 -1.91912010 -1.20753457 -0.79140040 -0.69792372 0.32812386 -0.97781798 1.38467674 0.41276672 -0.36330444 -0.33631761 0.22581270 -0.18071308 0.94170970 10.00000000
0.58012015 2.68128383 -3.22569805 -0.81882342 -1.96292688 1.81360954 0.53954249 -1.25082536 -0.72684089 -0.90489462 -1.28839722 0.60291986 -1.24893456 0.85969726 0.30384214 -0.30313656 -0.18183393 0.54624210 -0.09672500 0.63489116 10.00000000
-0.61702355 -0.66382661 -2.24047623 -4.53946892 -1.00589247 0.42546152 -0.43609232 -1.49896643 0.29207540 0.42179076 0.95596442 -0.38655378 0.93842292 0.92014979 0.77448282 1.89314656 -1.11852001 -1.31550953 -1.53850936 0.39709489 10.00000000
-0.22737081 2.56543821 -2.96558142 -1.30940973 -1.84783057 1.49700603 0.72790511 -1.77619753 -1.01255074 -0.56977541 -0.74766188 0.37985334 -1.30896656 1.54056805 0.33482890 -0.46717802 -0.24796105 0.31769000 -0.07571359 0.84967732 10.00000000
-0.12125720 2.56393577 -3.00241236 -1.29504020 -1.95574395 1.59354786 0.69184033 -1.73921710 -0.97825127 -0.69034699 -0.90273237 0.44210395 -1.32191425 1.48808753 0.31729503 -0.44204636 -0.21665386 0.38443254 -0.08432252 0.86094597 10.00000000
-0.22647677 2.31204471 -2.59718232 -1.22049686 -1.83351376 1.57596989 0.79674987 -1.92600279 -1.11951563 -0.86911761 -0.79892137 0.21189692 -0.75656641 0.61356930 0.49744853 0.07382448 -0.32433970 0.21306989 -0.24625456 0.85857235 10.00000000
-0.08576333 2.55038641 -3.13911207 -1.24646062 -1.37499398 1.23768542 0.55053745 -1.59100653 -0.91409255 -0.82160641 -0.86886801 0.34024249 -1.51574497 1.32407497 0.26519245 -0.24362967 -0.05125608 0.37936957 0.05875181 0.77181417 10.00000000
-2.39854973 -2.24591482 -1.81098566 -0.36688764 -2.83316428 -5.17769651 1.56347723 1.25163332 0.34347654 0.23697612 -0.44195824 0.01915816 0.12183656 0.05412358 0.29680517 0.14009468 0.11425867 0.27707366 -0.26097843 -0.52295016 11.00000000
-2.64058623 -1.30933551 -1.24602116 -0.89552730 -1.95658481 -4.74718431 2.24577120 0.23923152 0.35072159 0.23601020 -0.57408584 0.13357563 0.15415483 0.00081281 -0.40241721 -0.13139643 0.09957700 0.31044934 -0.03721607 -0.05539847 11.00000000
-3.09837603 -2.00410418 -0.56869772 -0.02543660 -1.06135952 -4.95913277 2.27710430 1.07065407 0.66459164 0.12213558 -0.61463874 0.47975392 -0.15458164 -0.26879238 0.02603107 -1.91098184 -0.90597081 0.39178983 -0.05358767 -0.37326994 11.00000000
-5.47609032 -6.36381107 -4.61929308 3.65419976 -0.45979115 -2.26729384 1.33157507 0.60743191 -0.30956440 -0.01700163 0.42794317 -0.35286349 0.13534525 0.33701933 -0.37570944 -0.11013278 2.21109825 -0.08514361 -0.55001306 0.46484919 11.00000000
-1.60385044 -0.81782452 -1.50706398 -0.63468235 -2.54065627 -4.39539347 2.85002103 0.03139395 -0.24410873 0.37074298 -0.88506280 -0.03148546 -0.98862003 0.14953079 -0.55618463 -0.00132592 2.09559175 -0.63135983 0.22896885 0.28926680 11.00000000
-3.56536810 -2.01834734 -0.41971557 -0.58717114 -1.82771528 -4.86869155 1.74415039 1.02117491 0.65013946 0.05747438 -0.61967951 -0.12487159 0.32008937 -0.33126879 0.31020522 -0.88294983 -1.70076980 1.05565168 0.00279010 0.06839290 11.00000000
-1.18601946 -3.43791586 -3.22700077 -2.75310919 -1.31291944 -4.14678666 1.15978154 0.91022543 2.10284700 0.34535908 -0.23689229 -0.08357608 1.18916156 -0.50300448 1.06227119 0.84073581 -1.65125677 0.32954440 -1.25814041 0.10455326 11.00000000
-4.13883396 -2.17352715 -0.70506157 -0.82237304 -1.97843492 -3.75495127 0.67358212 0.95887213 0.72755857 -0.26468536 -0.99398442 0.33381238 0.81651767 0.21635367 0.28375116 0.41564467 -1.69633875 1.43009433 0.73773612 -0.02014446 11.00000000
-1.76166491 -1.11293749 -1.74313665 -0.65665952 -2.65290097 -4.57433401 2.53745605 0.11902316 0.15177976 0.20595657 -1.05129403 0.25461326 -0.92321709 0.32674509 -0.60911527 -0.03119206 2.00638321 -0.79997482 0.19170069 -0.05070472 11.00000000
-3.39793602 -1.58451696 -0.13046845 -0.43196341 -1.75112706 -4.28916024 1.83829923 1.03939881 0.60976902 0.49094425 -0.31053001 -0.10263335 0.71539858 -0.35608868 0.09358317 -0.49147787 -1.57533075 1.06286864 -0.35854523 -0.29262449 11.00000000
-1.66089101 -0.98555586 -1.83349077 -0.68974562 -2.50949305 -4.27799146 2.23987055 0.04732821 0.21944741 0.02160430 -1.07537284 0.37913957 -1.15225678 0.23312127 -0.75081326 0.14572733 2.36954541 -0.99978535 0.25604268 -0.17143854 11.00000000
-3.06696279 -0.15022360 3.09847735 -0.68959411 -1.16553355 -0.02717811 0.32979586 0.57469458 0.53433584 0.93895572 0.64835293 0.73136280 0.12480173 0.12722417 0.51009130 -0.10130345 -1.17814030 -0.69383629 -1.61823047 -0.61439970 12.00000000
-4.57397149 -1.54522564 2.60927789 -0.17960944 0.24036421 0.53163184 0.41616154 0.05280962 1.64636798 -0.67024779 0.03002753 0.93355855 -0.41496030 -0.22912426 0.19238330 -0.08046634 -0.70449455 -0.82951174 -1.38004388 -0.81069560 12.00000000
-2.90905885 -0.29713127 0.99526437 -0.21651976 0.52630888 0.69106747 2.29780088 -2.40597900 0.54840008 -0.13910932 0.94060562 -0.15897172 0.53933340 -0.64337541 0.20876954 0.89360836 -0.16905684 -1.22323493 -0.58706521 -0.77337650 12.00000000
-6.98717232 -5.38179412 1.68998283 4.44016466 1.19919492 1.70687611 0.61542509 1.15664308 -0.71443828 0.58207278 -0.81135058 -0.20152143 -0.98535393 -0.63248036 1.79553639 -0.68144366 -0.09000729 -1.42266072 -0.20091111 0.88469760 12.00000000
-5.12786584 -2.83463729 2.95094621 2.20472995 1.18543418 1.12125524 0.83412647 0.95654207 1.30236376 -0.61075667 -1.08795699 0.84214353 -1.01167238 -0.21299379 2.29708491 -0.96026689 -1.60035167 -1.81681489 1.81204540 0.30636803 12.00000000
-5.12786584 -2.83463729 2.95094621 2.20472995 1.18543418 1.12125524 0.83412647 0.95654207 1.30236376 -0.61075667 -1.08795699 0.84214353 -1.01167238 -0.21299379 2.29708491 -0.96026689 -1.60035167 -1.81681489 1.81204540 0.30636803 12.00000000
-1.84408675 0.11990172 3.38470540 -0.85188215 -0.35947030 0.28832527 -0.93582544 1.06457697 1.16131242 -0.69713829 0.92491935 0.54529869 -0.13713836 -0.12444834 0.81683971 -0.15606848 -1.04755081 -0.73488383 -1.60944013 -0.00555310 12.00000000
-2.37982942 0.32373073 -0.25568007 -0.24737090 -0.25478494 1.37523956 2.54753411 -2.58887202 0.02687801 -0.16942298 0.13812711 0.24625985 0.55998903 -0.11947460 0.55234875 0.62513932 0.05288109 -1.31332622 0.10470681 -0.55469539 12.00000000
-2.15736435 0.22265036 -0.57356307 -0.14090173 -0.16168086 1.32036619 2.66641450 -2.52654110 0.02206661 -0.19250379 0.00516787 0.38888871 0.49822437 -0.04806270 0.50103717 0.59190656 0.13139019 -1.06566052 0.14762073 -0.48381019 12.00000000
-3.85204439 -1.08097896 0.94419634 -0.49107422 0.01055235 0.30620079 1.38467043 -1.96492229 0.71540850 -0.39283356 0.95912577 -0.11660247 0.90780567 -0.66530868 -0.06537171 1.03717397 -0.44354659 -0.79403150 -0.91065111 -1.00600362 12.00000000
-3.89098586 -0.95855871 0.91363772 -0.59746653 -0.58057893 0.92801807 1.59330647 -2.10679695 0.75675267 -0.11320408 0.97995533 -0.00179829 0.94855630 -0.54589258 -0.11511056 0.98336107 -0.53508752 -0.80444138 -0.65768924 -1.03267719 12.00000000
0.72469047 2.81463655 0.08392073 -0.07389169 3.87545843 -1.87020651 0.32281879 0.13620082 0.05298921 -0.71045144 0.07501559 0.33360463 1.08540156 -0.05527569 0.37022737 0.73827151 -0.45514203 0.48956628 0.35946637 1.93521255 13.00000000
-1.74983172 2.18379140 1.56987090 -1.34807090 3.96618175 -1.21442106 -0.46979460 -0.34019500 -1.28294276 -0.33472319 -1.84310808 -1.34337095 0.55752970 0.20741530 0.49926299 0.02317302 0.43044431 0.05086540 -0.19058147 -0.41839142 13.00000000
-1.92425928 1.97879805 1.93189254 -1.40566195 3.88845329 -1.14335466 -0.52432019 -0.30440222 -1.22515983 -0.44484991 -2.02732022 -1.29645970 0.43350646 0.13008636 0.48728602 0.15328414 0.54545352 -0.10332133 -0.15973933 -0.49037846 13.00000000
-4.81865929 -3.08607867 -1.90145875 2.29247803 3.94830351 -1.19161492 0.83702743 -0.66372406 0.54885951 -1.11531757 0.22136386 0.31652130 0.61024280 0.59249077 0.45578879 0.42348228 -0.97296274 0.45350879 1.06224687 0.64430526 13.00000000
-1.79508168 1.96531626 1.91572884 -1.15016873 4.22650517 -1.27088162 -0.42231743 -0.51235330 -1.11903079 -0.50421231 -1.89512036 -1.23106718 0.25468378 0.05297268 0.54985552 0.35575080 0.55896476 -0.10346636 -0.22879333 -0.61321598 13.00000000
-2.20802640 1.75165487 1.90525222 -1.57336165 3.65057480 -1.16284408 -0.55694395 -0.52321882 -1.01794701 -0.63302042 -1.96017028 -1.35979224 0.11979297 0.10122068 0.51402852 0.34570332 0.58676675 -0.02307489 -0.19228623 -0.38921335 13.00000000
5.78230646 -2.08428376 -2.26370463 -2.51314494 4.18961144 -0.83809972 -0.15693117 -0.33701398 1.00870926 -0.27420641 -0.17579356 0.17472576 0.12188677 -0.40901536 0.37562563 0.49912867 -0.22014323 0.49669692 0.35049151 1.41180058 13.00000000
-1.62004257 2.24898954 1.29300576 -1.28575951 3.97560305 -1.29020571 -0.33216855 -0.44526772 -1.31622699 -0.20925237 -1.59225162 -1.31186584 0.74868033 0.28387803 0.33968231 -0.11506072 0.29691621 0.21120590 -0.08628799 -0.37282881 13.00000000
-1.47364502 2.17288728 1.17348274 -1.24749802 4.15293507 -1.41044346 -0.24104185 -0.52954708 -1.14365921 -0.46171285 -1.55206414 -1.18979546 0.66926847 0.18194879 0.36762577 0.15731245 0.26376649 0.36260840 -0.26593795 -0.35847411 13.00000000
-1.16937533 2.44490342 1.12844712 -1.01208972 3.80155891 -1.22479659 -0.19845916 -0.47457037 -1.21788023 -0.11789930 -1.18402985 -1.03622945 0.80746964 0.13020443 0.26604492 -0.23070016 -0.01863305 0.55524598 -0.08775331 0.09503759 13.00000000
-1.93643540 1.79320937 2.15941910 -1.23225016 4.16192646 -1.23156155 -0.32179826 -0.63799356 -0.81668658 -0.84662359 -2.11374239 -1.18138646 0.13999545 -0.18672885 0.58740005 0.69064899 0.59711293 -0.12576960 -0.11432386 -0.41607871 13.00000000
7.35660334 -0.46653085 2.75071921 3.29535040 -0.98185545 -1.92032927 -1.84325546 -1.63778384 -0.74806987 0.34063022 0.24857354 0.91284709 0.06656605 0.10679387 0.51858987 -0.03791524 0.04200812 -0.09734701 -0.12331779 -0.07201090 14.00000000
7.47949751 -0.35411401 1.75946847 3.29767810 -0.84985738 -2.14879481 -2.17043614 -2.21815468 -0.06371600 -0.20712811 0.16993575 0.84802352 0.45639574 0.24861971 0.61435122 -0.08005230 0.22367093 0.19751821 -0.22510275 -0.19742486 14.00000000
7.11592987 -0.07066865 2.42278940 3.47328233 -1.10312766 -2.02914401 -2.09961767 -2.18791812 -0.34420477 0.09382528 0.40788491 0.92161351 0.28338809 0.07613589 0.96638139 -0.24487121 0.26329954 0.15212841 -0.07504851 0.03043883 14.00000000
-0.37824235 -4.33566653 -2.02600959 3.04922592 0.37774168 -1.21209585 -2.22528540 -2.37651912 1.02430160 -1.30701697 -0.28866175 1.59414070 -0.68634920 0.64774015 -0.02175948 0.32626245 -0.53401127 0.66863785 2.27498290 -1.43295688 14.00000000
6.47191197 0.57341922 1.25550635 3.47787126 -0.92784654 -2.01417609 -2.32426914 -2.00975982 0.46784185 0.10973251 -0.17225592 0.13121561 0.26593285 -0.20874980 0.24202318 -0.19846583 0.36377092 -0.06018919 -0.27762192 0.28907846 14.00000000
6.47191197 0.57341922 1.25550635 3.47787126 -0.92784654 -2.01417609 -2.32426914 -2.00975982 0.46784185 0.10973251 -0.17225592 0.13121561 0.26593285 -0.20874980 0.24202318 -0.19846583 0.36377092 -0.06018919 -0.27762192 0.28907846 14.00000000
10.84267313 -4.50906546 0.76208731 -0.65657109 0.29348263 -0.88306077 -1.41656322 -0.62723495 0.50555090 2.47382614 0.24179834 0.27294522 -0.02645965 -0.17874955 1.07284304 -0.23322774 0.17228515 -0.42166406 -0.22873694 0.44478810 14.00000000
7.28148793 -0.24894849 2.05982149 3.25235604 -0.60941476 -2.25782727 -2.16131643 -2.14239627 -0.13478805 -0.12799473 0.92704254 1.29243806 0.03598138 0.08753900 0.96937330 -0.19345269 0.31392056 0.08628402 -0.04438282 -0.10591173 14.00000000
6.13788443 0.89194691 1.03641219 3.42078716 -0.77527227 -1.81000009 -2.24580561 -1.75255860 0.83886533 0.16071335 -0.06159180 -0.03167856 0.13446752 -0.07898958 0.25717790 -0.13821416 0.45702095 -0.11810171 -0.43246502 0.21776595 14.00000000
6.90763288 0.10173987 2.27996500 3.40389865 -0.66385035 -2.15108903 -2.03285678 -2.16703945 0.15248004 0.01981561 0.99397797 1.10722879 0.28080807 -0.00842397 1.16115760 -0.12004137 0.61184971 0.31359821 -0.03799345 -0.00259862 14.00000000
6.68829278 0.29725751 1.76688206 3.48388557 -0.65457048 -2.13970611 -2.19512534 -2.22286642 0.30570120 -0.02968056 0.37357140 0.68530049 0.20673723 -0.16001642 0.86137446 -0.17417242 0.41446176 0.05578287 -0.22386288 0.10341315 14.00000000
1.54235233 2.79143596 -2.64737217 0.35066949 -0.06635767 -0.04722510 -0.30526535 1.06448543 0.30158816 -0.49964745 0.57116742 0.59617359 1.05285897 -0.19842871 -0.05050990 -0.33460070 0.55135399 0.04780415 0.14119648 -0.67770818 15.00000000
0.17596167 2.14206465 -1.50065346 -0.45312544 -3.20454525 2.61932736 0.07159056 -0.07869129 -0.39765878 -0.74531801 -1.13412920 0.55264135 2.18697682 -0.94660548 0.35901626 -0.25196578 -0.03958104 -0.15962848 0.96296267 -0.33918066 15.00000000
-0.20191614 3.05090504 -1.57121510 -0.40868510 0.43567268 0.33842425 -0.17939246 0.84104288 -1.51288602 0.86795805 1.13409598 1.29713294 0.90585558 1.23335478 -0.41338040 -1.77124731 0.04892508 -0.81989361 0.44908204 -1.40595252 15.00000000
-4.91880345 -5.26238181 -5.18566380 3.66259677 0.89735687 0.35798353 -0.60238998 0.28671196 0.73681504 -0.79947544 1.06860484 0.18849796 -0.53845431 0.54366618 0.05303244 0.74037424 -0.03802868 0.56680592 0.84490683 -1.05451038 15.00000000
1.54173856 2.52004509 -1.60800273 0.58149364 -3.44103074 2.19372607 -0.18444297 1.20649292 0.09444253 -0.87238345 -2.04036417 0.33932794 2.42559460 -1.60608671 0.00450893 -0.24354670 0.81801229 -0.84995266 0.92563054 -0.07357330 15.00000000
1.88410353 3.55296371 -1.52088344 1.22182399 -0.08635576 0.35413420 -0.67671146 2.17702261 0.08818399 0.46463923 0.62201887 0.88079510 0.13691472 -0.13893100 -0.53236601 -0.41266896 0.38517197 -0.67773870 -0.15265475 -0.87500386 15.00000000
7.65863325 -3.55873461 -2.99145848 -3.79302944 2.09204287 0.46491274 -0.94397626 0.94194869 0.53348113 1.80555611 0.17590940 0.48317188 0.19934759 -0.47253292 0.14630670 -1.09847092 0.42414285 -0.12257777 0.14735156 -0.21292293 15.00000000
-0.48538215 2.99491998 -1.19835842 -0.51040837 0.52262764 0.40781628 -0.17867185 0.67819387 -1.52295633 0.95367669 1.15619601 1.17445072 1.00151376 1.19910635 -0.44738103 -2.04526354 -0.00851472 -0.73177493 0.35271090 -1.34881400 15.00000000
1.75140721 2.46813050 -1.54257614 0.75781345 -3.49987427 2.20895959 -0.27630127 1.22805848 0.27830317 -0.92033053 -2.14917631 0.24516043 2.14856169 -1.71414456 -0.06010588 -0.24883584 0.92471699 -0.90701273 0.83754115 -0.23122286 15.00000000
1.64056192 2.31316578 -1.92551052 0.57917878 -3.40168285 2.24513735 -0.14908638 0.73260986 0.44404653 -1.39967576 -2.16105114 0.33098549 2.06315425 -1.39763001 0.06557020 -0.26042637 0.77553710 -0.59189591 1.01358172 0.08551751 15.00000000
-0.98966555 2.46041076 -0.54506876 -0.92674686 0.94888282 -0.15625488 -0.31952841 0.60265649 -1.65664308 0.49000162 1.06430961 0.79360343 1.07243246 0.65319767 -0.42419630 -2.18990087 0.06442146 -0.32297373 0.39030726 -1.26030202 15.00000000
