-3.28784306 -0.09344168 1.12197130 -0.87551247 -1.88077360 -0.82353126 -0.91965205 0.70194522 -0.97582670 1.51783223 0.66276416 -0.24368648 0.17483246 0.43628441 0.23897306 0.68785902 -0.40743327 0.36733340 0.75058693 -0.80449872 -0.26093359 0.36996173 0.21411284 0.09036452 -0.34425996 -1.36620210 0.44688217 0.65073269 -1.41446303 -0.52263269 -0.04994497 -0.06565196 -0.13235986 0.24347387 -0.47191508 -0.68001089 0.01521725 -0.23414586 0.11524098 -0.58562303 0.03148510 -0.58807582 -0.29675552 -0.13499791 0.25986085 0.98092145 -0.35085775 0.27318136 -0.26554641 1.00000000
-1.35091919 1.84102724 1.69383405 -0.68674928 -1.63724897 0.10958104 0.47854929 -0.47589081 -1.66434981 2.20008405 0.68831096 -0.81456161 0.20013252 -0.30542289 0.32206380 0.80648803 -0.10026407 0.05461063 0.90685223 0.06901176 -0.67266791 -0.06183296 0.37655262 0.10122496 0.15259786 0.36297415 0.32687918 -0.11060258 0.78495701 0.17877844 -0.09989802 -0.36952777 0.13022718 0.17053011 -0.06114113 0.18093504 -0.04443942 0.11818033 -0.05023917 0.13435882 0.30043714 0.18510957 0.17378632 0.18834554 -0.03395657 -0.06407959 0.05456544 0.00902886 0.08221071 1.00000000
-1.21424047 1.88596969 1.37025372 -0.70219748 -1.80338440 0.20375075 0.23940217 -0.44917513 -1.52366130 2.03745225 0.56338896 -0.79970905 0.34373583 -0.12896462 0.37924696 0.90493044 -0.21092158 0.15835069 1.17984881 0.30646894 -0.53042088 -0.02687184 0.37870567 0.03962168 0.09089262 0.70425753 0.22178148 0.18728549 0.78050389 -0.10374716 -0.55361710 -0.39115394 0.33458076 0.08250450 -0.02817591 -0.03739995 0.49654732 0.05145896 -0.26829360 0.19094342 0.01706568 0.08631780 0.22089984 0.55642582 0.09131485 -0.02499946 -0.00850918 -0.28752161 -0.23458242 1.00000000
-6.93715051 -5.27650837 -2.21209164 4.01531489 -0.49306758 1.27286687 -0.52433692 0.44832574 -1.65119236 1.20810287 1.04311425 -1.04661680 0.95098845 -0.00513999 0.16967117 0.79990392 0.51432140 0.49901599 0.43612978 -0.02289330 -0.01884675 0.21070149 -0.83357592 -0.15322531 -0.05526319 -0.67000387 0.56333252 0.14901029 -0.88827715 -0.62590102 -0.11863946 -0.13984763 0.56823457 0.43342225 0.04508358 -0.51491145 -0.40174856 0.02695751 -0.80524114 -0.56550213 -0.22101621 0.06177469 0.41388878 0.64078488 0.26304299 -0.12620122 0.27707672 -0.06799249 0.34237741 1.00000000
-3.09359894 0.29853954 4.24498315 -0.19887133 -0.62977983 -0.44885353 -0.76980315 1.97018002 -0.00421786 1.58773058 -0.91112785 0.31661136 -1.16169644 0.17335797 0.51307839 -0.55633819 -0.31152637 -0.61747353 -0.50897065 0.18315345 -0.06302423 -0.00934365 0.21146348 0.65458260 0.37014315 -0.44621197 0.59195501 1.08103879 -0.23739900 -0.21479378 -0.91643378 -0.46902396 -0.16706544 0.55483301 -1.00546996 -0.05216918 0.12552836 -0.30185239 0.36003782 -0.29494918 0.38033487 0.26904830 -0.07347432 0.22431774 0.26777091 0.21615062 0.15068866 0.22631587 -0.13782246 1.00000000
-1.57050734 1.68934399 2.12183042 -0.80789976 -2.20713180 0.43509217 0.39932146 -0.42372409 -1.67594225 2.18226834 0.87219888 -1.01195049 0.23863138 -0.56324298 0.51502931 0.97867329 -0.15376729 0.11402616 1.01927296 0.48512603 -0.81124902 0.11176047 0.19932577 0.01360484 0.28815203 -0.08819866 -0.05105550 0.11737712 0.43075242 -0.03028468 0.20951996 -0.13678121 -0.18337925 -0.34231308 0.31451185 0.40009178 -0.14302474 0.23256318 0.23659218 0.19312162 0.06083192 0.13889085 0.09215005 -0.53759702 -0.19473075 -0.20956579 -0.06498989 0.21217091 0.03565836 1.00000000
5.64379205 -7.51533557 -3.56906754 -5.03905492 -0.17697205 1.04372111 -1.63173438 -0.33626728 0.93014239 1.96427108 -0.05794255 -0.86292107 0.22646504 -0.42356207 0.09784499 1.07297780 0.20625322 -0.10940381 0.85371659 -0.18761448 -0.40537127 0.19358382 -0.01247708 -0.81863722 0.31188439 0.62095661 -0.08977658 -0.14367464 -0.22490901 -0.03067260 -0.16310938 -0.60081366 -0.44237985 -0.07182861 -0.41311068 -0.14012009 -0.05555189 0.24589433 -0.55333437 0.69668709 0.17508452 0.73292134 -0.40560167 -0.61963685 0.43637451 -0.27593193 0.10354861 -0.55727735 0.34691549 1.00000000
-1.53511764 1.79295018 1.89886065 -0.75569580 -1.81690664 0.21126170 0.17963405 -0.34776452 -1.37798118 2.19117189 0.84894308 -1.09787799 0.32693052 -0.27014824 0.29894127 0.80087170 -0.11605064 0.10955391 0.91279180 0.31534159 -0.74302950 0.09703784 0.41123148 0.25900296 0.28046632 0.35637740 0.01694953 -0.07928841 0.47816699 -0.00157387 -0.38572594 -0.06884791 0.17360631 -0.04320443 -0.20677314 0.06140380 -0.30378543 -0.05556486 0.27270197 0.27136542 0.14964448 -0.02690321 -0.04412688 -0.10467800 -0.02565263 0.03846556 0.04610147 0.16688312 0.09841466 1.00000000
-1.81728326 1.55838149 2.23163756 -0.85527721 -1.91119450 0.05270287 0.02201067 -0.13116586 -1.63274685 2.24150817 0.75672934 -1.16923892 0.23254976 -0.36226255 0.25931855 0.94630177 -0.21576921 0.38278798 0.96317535 0.21278679 -0.68846089 0.11886871 0.28039438 0.09574593 0.27063902 0.50376393 0.30212030 0.01412203 0.35309474 -0.32339388 -0.09432676 -0.18564108 0.18730525 0.11643577 0.03114764 0.03210809 0.08605052 -0.07061852 0.17993679 -0.04157308 0.22410948 -0.31684811 0.01042423 -0.18582200 -0.09726055 -0.03597433 -0.04675180 0.15203956 -0.13657141 1.00000000
-2.28266993 1.22944025 2.93592515 -1.03861403 -1.68595868 0.08175239 -0.14292289 -0.28822149 -1.06515292 1.87056316 0.72212300 -1.02475617 0.35750353 -0.70891333 0.09347210 1.22221734 -0.13458049 0.56725754 0.78479804 0.21752444 -0.72146421 0.50578934 -0.35563679 -0.25522706 0.24753952 -0.04974067 0.13406297 0.38597281 -0.20671797 -0.16492727 0.68017992 0.11131401 -0.45278560 -0.05311161 0.92976791 0.29834571 0.51197069 0.29815334 0.77097122 -0.24839138 -0.23343087 -0.29064765 0.35982416 -0.43840299 0.13362171 -0.23238110 0.25927093 0.18273062 0.18725012 1.00000000
-2.27398703 1.24056460 2.67044160 -0.88093594 -1.63081291 -0.21547691 -0.30843217 0.16955468 -1.42005710 2.07528090 0.62698411 -1.16521418 0.10810849 -0.24229956 0.11778934 0.51222954 -0.24204315 0.44367189 0.75943853 0.01851739 -0.42752628 0.01865169 0.44089286 -0.02460505 0.11285997 0.74019842 0.66425441 0.07528526 -0.04663113 -0.46082260 -0.02341027 -0.40563110 0.22657067 0.47869309 -0.19811890 -0.33908275 0.19235254 -0.18760816 -0.01250216 -0.53608547 0.26437094 -0.38398014 -0.09105850 0.19982603 0.14978081 0.08476992 -0.34591307 0.02422107 -0.16285758 1.00000000
-4.00959236 -0.24160640 3.98282229 -1.40635360 -1.70880547 0.16625352 -2.47168024 2.54231721 -0.18104270 0.67472866 -0.64413874 0.75873018 -0.31393375 1.13644874 0.43744165 0.06489106 0.62798436 -0.23633474 0.12431753 0.57038209 -0.21369388 -0.11167904 -0.35181745 0.14615993 -0.39174661 -1.13237367 -0.15891421 0.36092654 -0.44562307 0.36347050 -0.13293510 0.46652581 -0.29493584 -0.37629625 -0.18133391 -0.16374508 0.17465901 0.41754196 -0.40293138 -0.50334638 -0.04611230 0.18977971 0.24179104 -0.29022732 -0.09222842 -0.07057008 -0.00700755 0.08178555 0.09901647 2.00000000
-4.16544092 0.01205495 1.25920594 -1.64555865 -0.92133240 0.78853448 -0.82647010 -0.44650513 0.04404569 0.54614538 0.03444133 0.04685724 1.25102645 0.44088835 -0.72699302 0.30737160 -0.10152015 0.88107428 -0.26667488 -0.44979282 0.40430772 -0.20661841 0.30171822 -0.46208481 0.10953445 1.36292342 -0.13732554 -0.94662843 -0.05450688 -0.14621251 0.03457770 -0.22121890 -0.20937626 0.24506918 0.31989940 0.66770056 0.18101667 -0.58148167 -0.00134974 0.40191991 -0.51177812 0.25684769 -0.27245346 0.46248609 -0.30600549 0.27477835 0.22306468 -0.11028992 -0.20520046 2.00000000
-5.45210311 -1.51028180 2.68626155 -0.91548924 -0.99243340 1.05913752 -2.09510468 1.47560379 0.94486235 -0.10605087 -0.88756669 1.00819534 -0.07972697 1.08592858 -0.15526413 0.60785075 0.32159293 0.19685546 0.46051068 0.50148285 0.07167285 -0.30465751 -0.00089686 -0.51005544 -0.65517495 -0.12821066 -0.38235981 0.40603819 0.21678464 0.32221410 -0.05461839 0.26502535 0.05967389 0.05787839 0.41219058 0.11450186 0.34540937 0.25208698 -0.07623737 0.01799163 -0.08220717 0.06549258 0.45149040 0.26896157 0.07597298 0.09228351 -0.43344450 0.06365026 -0.15727761 2.00000000
-7.72109086 -4.86483834 0.93946941 2.87350774 0.57928399 1.46369694 -1.30051051 1.92483120 -0.73654419 0.86820767 -0.93549146 -0.08645100 -0.22607376 0.54740609 0.47744419 -0.51563652 0.99150968 -0.38528739 -0.64694119 0.62876021 -0.14760935 -0.17633734 -0.80443706 0.00057321 0.70344126 -0.14663458 -0.18313446 -0.02973834 0.12598635 0.51672117 -0.60788584 -0.34400574 -0.17410365 -0.83965543 -0.58102361 0.03504349 -0.00052627 -0.18897283 0.04767172 -0.06253074 -0.23169711 -0.38133460 -0.26343275 -0.21229433 -0.49289667 -0.04981034 0.45054971 0.14736662 -0.04086410 2.00000000
-5.18086520 -1.09817120 2.41278252 -1.42333771 -0.81347480 0.97019538 -2.36165719 1.53682017 0.99290189 -0.24356171 -0.70374310 1.01949322 0.30998647 1.63416484 -0.40433372 0.62203044 0.37433614 0.32217663 -0.37956852 -0.16537217 0.28369092 -0.12462158 -0.12947712 -0.46346992 -0.25794869 0.12443537 -0.32801634 0.07988981 0.32672499 0.24916052 -0.15336115 -0.00525469 0.16131160 -0.04917772 -0.24174271 -0.03960883 0.01717534 -0.01323580 0.29843820 -0.21075890 0.23101191 0.04380586 -0.00443471 -0.07918384 0.25000272 -0.24998312 -0.04647929 0.27513610 -0.02486458 2.00000000
-5.18086520 -1.09817120 2.41278252 -1.42333771 -0.81347480 0.97019538 -2.36165719 1.53682017 0.99290189 -0.24356171 -0.70374310 1.01949322 0.30998647 1.63416484 -0.40433372 0.62203044 0.37433614 0.32217663 -0.37956852 -0.16537217 0.28369092 -0.12462158 -0.12947712 -0.46346992 -0.25794869 0.12443537 -0.32801634 0.07988981 0.32672499 0.24916052 -0.15336115 -0.00525469 0.16131160 -0.04917772 -0.24174271 -0.03960883 0.01717534 -0.01323580 0.29843820 -0.21075890 0.23101191 0.04380586 -0.00443471 -0.07918384 0.25000272 -0.24998312 -0.04647929 0.27513610 -0.02486458 2.00000000
0.18710064 -3.62611419 0.66949255 -3.75230582 0.44632827 0.33090167 -2.61450419 1.06817072 1.51472667 0.73903472 -0.58394054 0.66103618 -0.33381261 0.93502503 0.34893066 0.66464334 -0.15293070 -0.31486149 0.46692960 -0.01895722 -0.17896974 -0.22347310 0.37902800 0.40533650 0.40783128 -0.34733613 0.37248942 0.38031005 -0.10407373 0.68330116 -0.38793425 0.14587133 -0.87397215 -0.64063209 -0.45811586 0.23109866 0.06210753 0.77446494 -0.49062821 -0.39911413 -0.06252115 -0.65622309 -0.29972215 -0.23413001 -0.48548057 -0.24620958 0.74883664 -0.59970759 -0.10355186 2.00000000
-5.26438110 -1.14986051 2.56623003 -1.34456077 -1.03875349 0.97262059 -1.98339477 1.02024175 0.92082026 0.02325505 -0.64400662 0.80314704 0.18899932 1.08689053 -0.44701064 0.49504297 0.21395958 0.34911343 -0.16650550 0.03149581 0.21871013 -0.27237330 0.03435536 -0.44325334 -0.04632232 0.24227142 -0.42257907 0.03530398 0.38175325 0.08513201 -0.21333413 -0.04634327 0.15862693 0.22892961 0.20865330 -0.02620054 0.27413163 -0.28139222 0.05832521 0.06014666 -0.14184427 0.00310559 0.07034316 0.25821252 0.09071327 0.05452039 -0.22175598 0.29217704 -0.03810891 2.00000000
-5.15412585 -1.06757935 2.38167985 -1.45611834 -0.77953651 0.93394417 -2.36301161 1.52948811 0.93328345 -0.23493097 -0.67006663 0.97342778 0.29575162 1.61735578 -0.40332818 0.60997168 0.37614252 0.26120183 -0.47600381 -0.25239021 0.28249388 -0.11607158 -0.17119316 -0.42631818 -0.20516945 0.03323510 -0.34289194 0.02229270 0.32344274 0.28313897 -0.11366987 -0.03560096 0.07761580 -0.15441999 -0.30333693 0.00862282 0.01632775 -0.05302716 0.27522388 -0.16027446 0.23295102 0.06502274 -0.09154668 -0.12634753 0.23329298 -0.20366747 -0.02763912 0.27427267 0.01734686 2.00000000
-4.98101905 -1.00451513 2.10103730 -1.38822970 -1.18336715 0.80537734 -1.77846318 0.40712935 0.85889779 -0.50505398 -0.55051939 0.40574009 0.34476475 0.40233283 -0.67612508 1.52348436 0.50927353 0.85111311 0.20678965 0.67578455 0.42633054 0.03064412 -0.34052325 -0.88531224 -0.76465689 0.11777248 -0.19713791 0.26833166 0.27036164 0.01666469 1.03924694 0.49369092 0.07469657 0.75279386 0.86942398 0.29372549 -0.13165250 0.07286953 0.62742131 0.74712616 -0.61181697 0.11474978 0.60032166 0.15492943 -0.34787995 -0.09019422 -0.16158454 -0.39468696 0.05855843 2.00000000
-4.89471070 -0.51434935 1.83836889 -1.66284600 -0.87218128 0.71038654 -1.73424216 0.40967976 0.45204157 0.15086921 -0.32117416 0.56663356 0.60178791 0.88726334 -1.00999692 0.41316784 0.19366309 0.48815124 -0.52889092 -0.60691844 0.33493153 -0.15172786 -0.20128683 -0.25307904 0.22135803 0.94030297 -0.39189843 -0.65046798 0.04166089 -0.15261033 0.19230374 -0.12105105 0.09458997 0.10323039 -0.00587336 0.23921045 0.09848566 -0.80966504 0.07293611 0.18866170 0.04753081 0.07946126 -0.12696335 0.26830005 0.00079385 -0.03670502 0.20940998 -0.15289761 0.17878327 2.00000000
-1.87156882 1.77427445 -1.17771527 -1.47079014 1.21129703 -1.10015822 0.08793364 -1.36254950 -1.53929444 0.38788977 0.41514011 -0.13964381 0.01646449 0.80192592 -0.56473219 -0.15028589 0.22655464 -0.99312674 0.07134201 -0.72601040 0.56402042 0.10122477 0.51186184 1.02504975 -0.01035311 -0.59363030 -0.42558050 0.66727301 0.55002035 0.22129504 0.33998584 0.27231685 -0.20572495 0.48879048 0.22316149 -0.33676585 0.74333982 0.19955919 -0.38716731 0.75202114 -0.01642729 -0.73374426 0.00964175 -0.11737312 -0.04442811 -0.32171821 -0.24217360 0.45928541 -0.38503554 3.00000000
-0.39085256 2.94118508 -1.60574190 -0.56315497 2.30048024 -0.51017328 -0.12631134 -0.54426026 -1.46835952 0.46574578 0.24873559 0.18527388 0.20867819 0.98895726 -0.45576428 -0.42247826 -0.43423939 -0.83498961 -0.03227740 -0.66747895 1.09181567 -0.02874614 -0.18034718 0.19045248 -0.22123347 -0.96150788 -0.65932283 0.82054848 0.93979215 -0.54224870 0.58984128 -0.80978675 -0.13550415 0.54570596 0.24210593 -0.99794300 1.39382771 -0.26437230 -0.13796327 0.29770391 -0.32549938 0.62284012 0.40204787 0.54703601 0.60086683 0.65760777 0.62884159 -0.16111740 -0.04472174 3.00000000
1.75735924 3.57395038 -2.07122372 1.22442853 1.29485999 -0.80233353 -0.39485441 1.53517884 -1.05380177 0.58521379 0.44413892 0.44491166 -1.85636560 -0.44371507 -0.18026147 1.00123862 -0.14617637 -0.37014687 0.44107332 -0.49988137 1.47731708 0.15404106 -0.44892562 -0.15982184 -0.05843450 0.30002370 -0.01499898 -0.23279680 -0.12072029 0.18211515 -0.07122587 0.06084892 -0.21385358 -0.22453485 0.07037431 0.19880876 -0.21838511 -0.08678602 0.15453999 -0.14734629 0.01506892 0.06147052 -0.22262898 -0.04170442 0.03280101 -0.01062791 0.00973603 -0.06797214 0.15961398 3.00000000
-6.98534998 -5.42370089 -3.14517460 3.75290557 2.67041636 0.36605995 -0.06305645 -0.41246453 -1.28447836 0.16415223 0.80609041 -0.58206569 0.49640435 0.54326034 -0.04370197 -0.26514783 -0.23149379 0.18044430 -0.91678021 -0.14606132 0.78745401 0.10980615 0.34451771 0.36707160 -0.01167369 -0.27209815 0.19804146 0.24164581 0.59945366 -0.10275516 0.31558817 0.04946641 -0.23369046 0.41415146 -0.04052700 -0.75567148 0.53379982 0.40789654 1.09119316 0.26159829 0.25023041 -1.06778117 -0.82502857 -0.42002739 0.11909751 -0.49975451 -0.04661932 -0.41340559 -0.48560083 3.00000000
1.69240655 3.74503151 -1.87750789 1.30415097 0.96034554 -0.43305596 -0.34999083 1.63095338 -1.04784141 0.86527674 0.44607609 0.45278989 -1.62937389 -0.37077553 -0.34214700 0.92391377 -0.24188315 -0.48203246 0.45502518 -0.41373173 1.32746158 -0.03419155 -0.33226351 -0.22283890 0.10701553 0.61119682 -0.17921227 -0.00867090 -0.22544163 -0.07417349 -0.28951687 0.10221615 0.25980659 -0.14594897 0.05691112 0.01780335 -0.19336996 0.01331114 -0.02820515 -0.25474933 -0.04939227 0.10016002 -0.06019913 -0.05164970 -0.05956203 0.06472503 -0.10772428 -0.07624939 0.01225463 3.00000000
1.69240655 3.74503151 -1.87750789 1.30415097 0.96034554 -0.43305596 -0.34999083 1.63095338 -1.04784141 0.86527674 0.44607609 0.45278989 -1.62937389 -0.37077553 -0.34214700 0.92391377 -0.24188315 -0.48203246 0.45502518 -0.41373173 1.32746158 -0.03419155 -0.33226351 -0.22283890 0.10701553 0.61119682 -0.17921227 -0.00867090 -0.22544163 -0.07417349 -0.28951687 0.10221615 0.25980659 -0.14594897 0.05691112 0.01780335 -0.19336996 0.01331114 -0.02820515 -0.25474933 -0.04939227 0.10016002 -0.06019913 -0.05164970 -0.05956203 0.06472503 -0.10772428 -0.07624939 0.01225463 3.00000000
6.81796122 -6.22063292 -4.31875335 -5.17985894 2.36601988 0.72754034 -0.57364136 -1.25801193 0.58028005 1.38237980 -0.77930446 -0.64561050 -0.83418611 -0.12849221 -0.52138262 -0.76508945 0.24093895 -0.40130967 0.65097001 -0.81623820 0.23183015 0.19268344 0.03565495 -0.29758207 0.42185075 -0.00896623 -0.74959655 0.65164680 0.05303903 -0.34929770 0.21568056 -0.32810235 -0.32792751 0.39816600 0.12817630 -0.50999233 0.27111504 -0.00190973 -0.01178081 0.34639335 -0.00332741 -0.30563288 -0.00133103 -0.27549221 -0.03361543 0.04722452 -0.09375513 0.63785926 -0.16771918 3.00000000
1.17397296 3.58061127 -1.81624733 0.93431625 1.06711124 -0.50504649 -0.09541123 1.35912679 -1.21678354 0.70971460 0.33761318 0.63296347 -1.06394165 -0.19698195 -0.49660137 0.64654714 -0.39708193 -0.89918635 0.35540785 -0.03099885 1.61728795 0.05001949 -0.40068309 -0.14690073 0.07976970 0.57382502 -0.57355411 0.34887989 -0.02214198 -0.57883999 -0.47833391 0.19090080 0.20768362 -0.13285963 0.44641813 -0.38415153 0.08072769 -0.27190266 -0.29630444 -0.15414749 -0.23128067 -0.07608253 0.20621270 -0.11334186 -0.31301647 -0.16720973 -0.04050401 0.00336342 -0.00397848 3.00000000
1.46845333 3.58466711 -1.90602050 1.04334070 1.45436722 -0.72394680 -0.36679412 1.36290257 -1.32585000 0.61975233 0.64329708 0.58980641 -1.66641735 -0.57622854 -0.16938591 0.99412340 -0.38152866 -0.50013604 0.50756123 -0.43794979 1.42724161 0.22106728 -0.50974350 -0.16827988 -0.18199045 0.21200343 -0.21654185 0.03916590 0.05667566 0.22374145 0.02186883 -0.05965879 -0.22229921 -0.19821943 0.10159475 0.21225213 -0.37161030 0.07965446 0.06341902 -0.06646137 -0.09302696 -0.02986719 -0.18772362 0.18473505 0.02048542 0.05133816 0.09932615 -0.06970181 0.08916677 3.00000000
2.86446278 3.36660503 -1.17369842 2.13825307 -0.02633579 -0.07921214 -0.01129206 1.19871589 0.84975217 0.22828864 -0.43670708 -0.99108415 -1.05344336 -0.28138735 0.05222975 0.86155651 -0.05817549 -0.23878492 0.00867256 0.58450407 1.11007089 -0.02709385 0.47657788 0.58788741 0.36951280 0.28913084 0.05925797 0.25983810 0.07366530 0.27206340 0.50183412 0.87589415 -0.52521406 0.21608792 -0.59045394 -0.02034818 0.79667520 -0.50015704 -0.55045753 -0.25231115 -0.42480221 0.11524569 0.04904624 -0.03106455 -0.70784095 -0.48644669 -0.70067074 0.21986012 -0.33808873 3.00000000
1.54968381 3.44441017 -1.94400291 1.06772334 1.61269581 -0.87866221 -0.32685136 1.19527747 -1.00772524 0.36962708 0.54570763 0.50157268 -1.92098485 -0.63734766 -0.03705655 1.16003383 -0.28487544 -0.10003658 0.50705294 -0.33898727 1.17589821 0.26659675 -0.37721374 -0.22736793 -0.27587004 0.02072239 -0.00571008 -0.29211203 0.28746655 0.55099479 0.45513689 -0.05832270 -0.69344866 -0.24961429 -0.10072476 0.50251301 -0.44197727 0.33607951 -0.08890313 0.08245676 0.15392463 -0.20776258 -0.28623327 0.27614677 0.22750959 -0.00856371 0.00069403 0.00314759 -0.04259792 3.00000000
-2.94113005 0.73662775 0.58871776 -2.54190837 -1.18910261 -0.27421400 -1.40376719 -0.40423096 -1.13900266 -0.77797274 1.59611449 -0.92201910 -0.26420548 -0.67801482 -0.19108372 -1.03089286 0.18741329 0.50186869 0.04226615 0.20213726 0.35292228 -0.08226991 0.20358189 -0.00468530 -0.32187863 -0.41872396 -0.46931401 -0.43877221 -0.91844075 0.66741993 -0.03809024 0.18494758 -0.39402686 0.32901587 -0.30709034 0.16676919 0.34529770 -0.41306522 0.29563460 -0.02836446 -0.77275313 0.13250962 -0.04768168 -0.13873189 0.05862033 0.04935634 -0.11879187 0.33760500 -0.25698665 4.00000000
-4.05280971 -0.49652064 1.18139964 -2.17836491 -1.19762674 -0.03640221 -1.79849339 0.09291166 0.39314389 -2.30253095 1.33193759 -0.64961094 -0.76415266 -0.97512182 -0.36955661 -0.36589518 0.29282659 0.01131464 0.24727581 0.19952156 0.14031556 -0.24831632 -0.24120357 -0.33294544 -0.29716694 -0.24653391 -0.06047479 -0.20003991 0.53834092 -0.44103129 0.58007270 0.14189814 0.52995618 -0.47667262 0.57115308 -0.05883227 0.27796224 0.47368996 -0.27169066 0.40762981 0.72561044 -0.07060964 0.12149306 -0.19942616 -0.08875947 0.17570643 -0.16958204 0.06301135 0.50935080 4.00000000
-3.83409993 -0.17695933 1.05065089 -2.51501705 -1.00541483 -0.29450494 -1.78852648 -0.08661340 -0.00676098 -2.29284099 1.27636691 -1.24422725 -0.90235823 -1.01433436 -0.27860202 -0.70149909 0.05138481 -0.10552890 0.08993436 0.16736317 0.04909968 -0.17214823 -0.05970138 0.00258522 -0.10997874 0.05403751 0.14301652 0.00870570 0.53456645 -0.22491099 -0.24061850 0.06997659 0.24908742 -0.07492619 -0.13923906 -0.32274880 0.04970288 -0.20838831 0.01669587 -0.00522236 0.09402932 -0.00761765 -0.24271549 0.31416554 0.15105105 0.09271812 -0.18342525 -0.36513267 0.06574375 4.00000000
-6.56898861 -4.34062548 -1.82291308 2.35371166 -0.54458168 0.59615868 -0.53927138 0.40744664 -1.32669455 0.01754196 1.44722873 -0.57265629 -0.04239031 -1.00927900 0.03669205 -1.27251258 0.23732778 1.06633888 0.26433514 0.45259849 0.50439654 0.12325440 -0.10350268 0.00338739 -0.31773789 -1.50644385 -0.66655876 -0.22926987 -1.73091715 -0.24709512 0.24093316 0.01002658 0.45540694 -0.07675623 0.24091009 0.86854171 0.29370269 0.30153086 -0.57407248 -0.70212395 0.02603328 0.39364924 0.73027018 0.07015716 0.20916183 -0.95448425 -0.13935974 -0.12754541 -0.22810204 4.00000000
-3.33856239 0.27604844 0.39909594 -2.48204340 -0.75981595 -0.49094336 -0.97321131 -0.74905636 -0.39720476 -1.62674986 1.62298948 -1.23426479 -0.18366986 -0.82983978 -0.27355064 -1.25184534 -0.16761988 0.12098877 0.07988345 0.01273656 0.27395320 -0.03099302 0.12395966 -0.04712864 -0.03722986 0.51725124 -0.07609740 -0.51730227 -0.41820696 0.67384891 -0.51201429 0.25918070 -0.21018680 0.34191743 -0.39567792 0.18564941 0.09808024 -0.30678569 -0.02155402 -0.10232617 -0.59728392 0.33329967 -0.02885277 -0.07390895 -0.20848002 0.19890353 0.22373894 0.51851564 -0.37128604 4.00000000
-4.05396274 -0.49195671 1.27110379 -2.34557831 -0.93743454 -0.45440271 -1.91277568 0.21533201 0.26176850 -2.36693573 0.96976098 -1.05220709 -1.13102674 -0.94168644 -0.17707340 -0.54084018 0.12978932 -0.31650273 0.08736216 0.16972369 0.00395809 -0.19160030 0.00008819 0.17012603 -0.21258281 -0.28041372 0.47005077 0.34529379 0.72984087 -0.23617821 -0.20632064 0.15217892 0.17160794 -0.20414790 -0.17176920 -0.50003539 -0.23185187 0.05640961 0.10083758 -0.16202806 0.50252824 -0.14121700 -0.19256509 0.21854095 0.21587173 -0.17959539 -0.28160621 -0.59601179 0.25414765 4.00000000
5.05856701 -6.70552106 -4.10496156 -5.61109359 0.15644083 1.02621432 -1.09471879 -0.98884950 0.80261171 0.71910677 -0.13989101 -0.51756544 -0.20294281 -0.42138931 -0.11849253 -0.59267448 0.07540856 -0.10095780 0.52187330 -0.39954747 0.15092056 0.21190258 -0.26847968 -0.98006561 0.33800200 0.35725150 -0.51716688 -0.03296521 -0.71647932 0.15569178 -0.00354256 -0.53639565 -0.86104362 0.26916638 -0.56088158 0.23217928 0.11751452 -0.26780828 -0.33719194 0.09165823 -0.22988340 0.74427143 -0.21932832 -0.34700989 0.25436202 -0.33104553 -0.05499706 -0.16398420 0.08301014 4.00000000
-4.05396274 -0.49195671 1.27110379 -2.34557831 -0.93743454 -0.45440271 -1.91277568 0.21533201 0.26176850 -2.36693573 0.96976098 -1.05220709 -1.13102674 -0.94168644 -0.17707340 -0.54084018 0.12978932 -0.31650273 0.08736216 0.16972369 0.00395809 -0.19160030 0.00008819 0.17012603 -0.21258281 -0.28041372 0.47005077 0.34529379 0.72984087 -0.23617821 -0.20632064 0.15217892 0.17160794 -0.20414790 -0.17176920 -0.50003539 -0.23185187 0.05640961 0.10083758 -0.16202806 0.50252824 -0.14121700 -0.19256509 0.21854095 0.21587173 -0.17959539 -0.28160621 -0.59601179 0.25414765 4.00000000
-4.00719803 -0.28795290 1.49077888 -2.24359687 -0.94557745 -0.15998813 -1.92686061 0.10811469 0.02567149 -2.06663180 1.39424958 -1.02884179 -0.99925493 -0.85946794 -0.39666277 -0.64000802 0.27506895 -0.07748438 0.22037056 0.33686345 -0.08285603 -0.03512943 -0.27919189 0.15783592 0.15430115 -0.21185754 -0.06387798 -0.00246590 0.38218056 -0.12949826 0.30584431 0.12078283 0.34209468 -0.51040524 0.33755776 -0.14721319 0.20484354 0.22638566 -0.02889597 0.29006170 0.30543322 0.04190937 0.03912844 -0.07851627 -0.24283822 0.27403570 0.15349501 0.05614997 0.26941246 4.00000000
-3.77359454 -0.17552720 0.72670254 -2.40652948 -0.73850570 -0.58743540 -1.39829281 -0.45903831 -0.13427542 -2.11516158 1.30479111 -1.30886332 -0.64133293 -1.16046818 -0.30272914 -0.93041539 -0.02913835 -0.00771295 0.04142680 -0.02399402 0.11749557 -0.06676199 -0.09756653 0.02575209 0.26245547 0.32388802 0.06467889 -0.16059311 0.09831776 0.02069917 0.05277225 0.05522729 0.08384353 -0.16583714 -0.00440993 0.01543595 0.16179525 -0.10878859 -0.09965888 0.16720708 -0.20617880 0.03908670 -0.07039439 -0.13684930 -0.18715370 0.17437366 0.54666793 0.28387144 -0.23582631 4.00000000
-3.67452372 -0.00594675 0.53853900 -2.57278940 -0.59006527 -0.65377196 -1.50287810 -0.52989140 -0.19335106 -2.05777728 1.25891266 -1.29310806 -0.42310577 -0.99814161 -0.27318722 -0.92716292 -0.00743798 0.06348339 0.18149604 -0.09046115 0.11523304 -0.21979100 0.08944444 0.07111252 -0.06365727 0.59111306 0.07491408 -0.31334551 -0.17324934 0.30927266 -0.33319393 0.01915813 0.05895354 0.13353579 -0.44107216 0.16503328 0.00311912 -0.49296987 -0.15739398 0.10332342 -0.47418375 0.22775973 0.02144150 -0.10493696 -0.24416267 0.22530597 0.34683982 0.37265257 -0.47072858 4.00000000
-2.92254248 0.38240250 3.18527458 -0.44350037 0.78486968 -0.22173298 0.84600213 -0.21758782 0.64362245 0.35704490 -0.38400219 0.82483120 -0.78665310 -0.63686223 -0.30605790 -0.41710498 0.15283669 0.19191692 -0.51451777 -0.29325015 0.02056765 0.06796390 -0.37245671 0.68122628 0.24063370 -0.23758419 0.12773040 0.33650401 -0.15650631 -0.30847519 0.09516599 -0.30836256 0.15059776 -0.13793716 -0.13617908 0.42622013 -0.11840781 0.06075175 -0.51285275 0.45334249 0.42713439 -0.29261896 0.04302388 -0.25896065 -0.41162551 0.39286976 0.13764339 -0.12439705 -0.12590288 5.00000000
-2.27968362 1.05343149 3.46419154 -0.40645154 1.43681442 0.93589039 1.63252059 -1.08684763 1.33147379 0.35547557 0.10785126 1.21810945 -0.35960306 -0.61595502 -0.89319381 0.14713823 0.58852073 0.36058240 0.03403358 0.06004765 -0.02043232 0.36214442 -0.46693207 0.46301286 -0.17390212 -0.13104311 0.00348907 -0.08817722 -0.17485774 0.07795370 0.17111512 -0.02486447 -0.09769543 -0.12587797 -0.04504455 -0.00367904 0.13150992 -0.00966086 -0.13164316 0.06405152 0.02980092 -0.07913464 0.02866961 -0.04695654 0.12666631 0.04508611 0.09970338 -0.11862513 0.02223680 5.00000000
-2.30898896 1.09961485 3.37877727 -0.51617610 1.20188195 1.02214430 1.70308995 -1.42980412 1.49875078 0.58582771 0.19998719 1.20560813 -0.18099477 -0.67695968 -1.06001866 0.02379379 0.32830030 0.44237917 0.14643797 0.23643034 -0.07709062 0.35941637 -0.22300210 0.55217428 -0.13613297 0.15023272 0.10686430 -0.16288824 -0.16789211 0.11526693 -0.10961945 -0.03513038 -0.07633431 -0.00005127 -0.00463632 -0.43571216 0.24735981 -0.16665980 -0.24464029 -0.21145508 -0.24265745 0.05119056 -0.02695689 0.12897647 0.24494205 -0.08356624 0.01843419 0.01595257 -0.02495119 5.00000000
-6.62381481 -4.51266262 0.91964814 4.35655457 1.72429482 1.85972542 0.53913155 0.11096871 -0.35445922 1.37231129 0.21975405 0.28474840 -0.44751738 -0.91403144 -0.22103200 -0.24576482 0.53232039 0.83121595 -0.02381155 0.80109352 -0.21343239 0.13634590 -0.94011829 0.37621090 0.18400371 0.23163218 0.05753359 -0.09358684 0.17092246 0.02022620 0.16824351 -0.65392974 0.27903750 0.06666914 -0.38244061 0.08350406 0.12642750 -0.57971134 0.36926362 0.56808602 0.37274667 -0.16300779 -0.37581322 -0.44486209 -0.47991410 0.04902127 0.37600578 -0.11674505 -0.29117853 5.00000000
-2.48735474 0.91838877 3.79933377 -0.37898370 1.35378794 0.86995091 1.47670682 -0.99590924 1.39315836 0.27599855 -0.08656544 1.18270941 -0.68746278 -0.92943725 -0.87135077 0.21111347 0.58941730 0.28408640 0.01708256 0.16757762 -0.18873312 0.34631670 -0.62984816 0.52908393 0.07895237 -0.10041619 0.08302104 -0.03146942 -0.00202120 -0.12845750 0.21190677 -0.21415305 0.05435292 -0.21404897 0.07611323 0.12782887 -0.09138154 -0.04969906 0.02199242 0.19106909 0.12469448 -0.09103845 0.11611025 0.01931507 -0.03062604 0.08395381 0.09583191 -0.19764636 0.02574516 5.00000000
-2.15334282 1.20115164 3.31437455 -0.38291430 1.25685155 0.91103835 1.88124262 -1.33961383 1.26410260 0.57105568 0.24060096 1.17405204 -0.28228492 -0.89176591 -0.96047318 0.06803944 0.42692709 0.34824191 0.19074140 0.23841399 -0.08862190 0.40339535 -0.44743021 0.49153676 -0.07354093 -0.17846005 0.04171745 -0.14995031 -0.22390260 0.11792816 0.20083562 0.07841537 -0.14343924 -0.06072530 0.04638250 -0.26198694 0.12750665 0.04820935 -0.06271586 -0.03011128 -0.11662074 -0.05478660 -0.00715986 -0.01692676 0.07862440 -0.06811825 -0.10366092 0.03761126 0.09650621 5.00000000
5.55821472 -7.46974863 -2.55237674 -4.55550136 1.98537203 1.40208665 -0.13731308 -0.93037740 2.71289324 1.44505536 -0.06947632 0.27530021 -0.58643499 -0.58582700 -0.84482880 0.01031760 0.50181870 -0.38499708 0.33331821 -0.17960448 0.03562073 0.30545713 -0.22312614 0.11271905 0.63508163 0.24195197 -0.07291798 0.06016550 -0.11571041 -0.07908276 -0.23564989 0.15546083 -0.21522121 0.30251037 0.19566412 -0.20040275 -0.24320911 0.36486413 -0.40811284 0.09863689 0.23988360 -0.19524185 -0.09058203 0.02242642 0.14124056 -0.40586806 -0.32750784 -0.28341557 0.08691351 5.00000000
-2.01933811 1.31278939 3.11527917 -0.40672813 1.22957488 1.02819751 1.79649105 -1.36094300 1.36404505 0.62581788 0.23430267 1.15678326 -0.08404590 -0.65809916 -0.92162664 -0.03439631 0.28424909 0.48247354 0.23203709 0.25781635 -0.07110741 0.34810305 -0.25115671 0.59443080 -0.27972590 0.10402006 0.01634364 -0.23656849 -0.25910202 0.13700243 -0.00570694 0.00773516 -0.15660021 0.13815834 -0.13382922 -0.51876400 -0.05191578 -0.11176161 -0.18947358 -0.24575561 -0.13223593 0.04319406 -0.19231832 0.04539406 0.26707645 -0.04711166 -0.11018493 0.15746569 0.01865312 5.00000000
-1.98382916 1.30013222 3.09518423 -0.35980564 1.32799215 0.94888079 1.88325120 -1.34415813 1.28607792 0.59593629 0.22575662 1.13898641 -0.06244403 -0.68947368 -0.87795521 0.03908665 0.31026870 0.46427790 0.24357080 0.16752280 -0.09106615 0.38182432 -0.40767350 0.51251550 -0.23976614 -0.08162234 -0.07221570 -0.15348083 -0.31104977 0.13707006 0.10430944 0.09429874 -0.19320094 0.07122741 -0.10898641 -0.45712280 0.04391322 -0.05819278 -0.09960477 -0.27513357 -0.15435088 -0.00519791 -0.18661729 0.04988230 0.28141127 -0.06961264 -0.07592404 0.12699694 0.07510781 5.00000000
-2.62178488 0.81825784 3.54656783 -0.53441850 1.24357684 0.88658557 1.33103626 -0.85466448 1.56187781 0.15127362 0.01336144 1.21455721 -0.64199505 -0.64214821 -0.83299412 0.01207772 0.45913804 0.37105606 -0.07210641 0.15917027 -0.12895721 0.38890470 -0.21197099 0.60643596 -0.15423748 0.19545078 0.21788821 -0.07775832 0.04003601 -0.16846734 -0.01072404 -0.27141365 -0.03970509 0.03370960 -0.21254346 -0.01496208 -0.36779856 -0.25944584 -0.05288950 0.04553707 0.08525472 0.07207085 0.18191219 0.15891611 0.05509739 0.10948337 0.00744421 -0.23028662 -0.01918895 5.00000000
-2.27762769 1.08152783 3.33771884 -0.49004725 1.26977113 0.91357349 1.65814121 -1.31725181 1.36914600 0.35862330 0.23068391 1.24015116 -0.30744662 -0.82415421 -0.99855006 0.05849707 0.47012024 0.41551610 0.13337656 0.27593613 -0.17289009 0.39491586 -0.48233885 0.60677192 -0.06051555 -0.01592366 0.05433427 -0.19875182 -0.19816612 0.09637607 0.12637884 0.04875416 -0.16049331 -0.04450023 -0.02690994 -0.24074328 0.03917582 -0.04045968 -0.00693612 -0.04620574 -0.26419695 -0.02694597 -0.06240411 0.08743172 0.18881687 -0.04541052 -0.01434218 0.01269049 0.00536141 5.00000000
6.41351360 -0.46078642 2.53257453 2.70910126 -1.44223158 -0.14643280 -1.33970978 0.01883214 -1.75271218 1.02882129 -2.40765501 -0.89846732 -0.32780621 -1.02972448 -3.30626673 -0.70332460 -1.82066981 -1.02592148 -0.59996214 0.75530925 -0.79145608 0.59744434 0.26651081 -0.52494516 -0.55368357 -0.42386600 -0.25109095 0.20449951 0.10766434 -0.00976997 0.10928170 0.51631902 -0.07659704 0.18794033 -0.58540726 0.35261556 -0.43271877 0.02977860 -0.07224390 0.28831151 -0.21751546 0.10147949 0.41020828 0.09730880 -0.16006641 0.16749306 -0.29994782 -0.54110532 0.36989286 6.00000000
9.75912629 -4.93128187 3.68307452 -1.21718824 0.04681328 1.46549658 2.38170696 2.14913012 -1.59347519 -0.61457468 0.79462997 -0.26388138 -0.07583940 0.10388728 1.29998025 -0.15888752 1.23219617 -0.11157386 -1.01377878 0.10119534 0.28143431 2.63373834 0.80019936 -0.42099881 -0.85676273 0.05048166 -0.38202711 -0.26909242 0.39245189 -0.11377973 -0.29170949 0.24601867 0.07951372 0.03690782 -0.00740458 -0.09184467 -0.09803208 0.04051253 -0.14176664 -0.05855615 -0.13295297 0.09245008 0.06673523 -0.03846172 -0.09896275 0.26061551 -0.24647750 -0.46341349 -0.31569542 6.00000000
9.11809975 -4.13449470 3.27718155 0.25076406 -0.22913551 0.83398353 1.86145913 0.81040977 -1.55896236 -2.08677308 0.18284756 -0.10891652 0.13160203 0.74376215 -0.79820017 0.52679104 -0.69301258 0.40935720 0.54846887 -0.36422169 -0.13104606 -1.54866827 -0.37325723 0.42414662 0.50918665 -0.11382019 0.07813814 0.25958834 -0.32169702 0.19374084 0.30449645 -0.18988949 -0.13446983 -0.20991362 -0.01410070 0.03258246 -0.03818256 -0.01743343 0.01585648 0.06795527 -0.12631656 0.20716316 0.02593690 0.02291840 0.15508151 0.00748784 -0.24601636 -0.22082125 -0.22765833 6.00000000
-1.40619500 -6.62841839 -2.11758438 5.72470664 0.91747897 1.31130253 -1.41911797 -1.52585300 -0.91363262 -0.98161696 -1.79778966 -0.14726337 -0.07217106 -0.39232784 -2.64825747 0.48781434 -1.24000852 -0.35953348 -0.35240038 -0.32174105 -0.82224782 0.99379925 0.51001064 0.13265858 -0.61346832 1.05863058 0.42961759 0.07311818 1.09636121 -1.46606643 0.29088629 0.56399286 -0.35636463 -0.33882212 -1.11615069 0.12497371 0.09454703 0.76023436 0.18281909 -0.76423035 -0.32966613 0.48999590 0.90702146 -0.25776493 -0.27816163 0.11739859 0.10805927 0.44830662 -0.37849527 6.00000000
9.10576603 -4.00985021 3.02885179 0.51123923 -0.36011253 0.78731542 1.70455754 0.63925113 -1.55510088 -2.10049419 0.08451249 0.03877727 0.21566011 0.79712675 -1.01124959 0.43517765 -0.97809014 0.40537985 0.69391807 -0.43714418 -0.18618620 -1.74228935 -0.47134711 0.42727708 0.68975697 0.01279975 0.11243674 0.20606608 -0.40905187 0.18998867 0.13741057 -0.09723109 -0.08420737 -0.13833803 -0.05419951 -0.11584572 -0.18745590 0.04450323 0.06254824 0.08202485 -0.00045866 0.26622092 0.14037678 -0.01869594 0.24190267 0.00381611 -0.35350671 -0.34160189 -0.43182051 6.00000000
9.10576603 -4.00985021 3.02885179 0.51123923 -0.36011253 0.78731542 1.70455754 0.63925113 -1.55510088 -2.10049419 0.08451249 0.03877727 0.21566011 0.79712675 -1.01124959 0.43517765 -0.97809014 0.40537985 0.69391807 -0.43714418 -0.18618620 -1.74228935 -0.47134711 0.42727708 0.68975697 0.01279975 0.11243674 0.20606608 -0.40905187 0.18998867 0.13741057 -0.09723109 -0.08420737 -0.13833803 -0.05419951 -0.11584572 -0.18745590 0.04450323 0.06254824 0.08202485 -0.00045866 0.26622092 0.14037678 -0.01869594 0.24190267 0.00381611 -0.35350671 -0.34160189 -0.43182051 6.00000000
9.42131833 -2.91548323 1.12665963 1.16382850 -1.24665071 -0.74835777 -0.89442189 -0.09812610 -0.89951011 1.62022503 -1.80338891 -1.19423969 -0.29955813 -0.40476722 -3.26410405 -0.52810384 -1.68764564 -1.28151620 -1.00211353 1.26644539 -0.44902440 0.19246396 -0.05552195 -0.57845684 -1.28683719 -1.21380942 0.21090079 -0.99423760 0.02839234 1.09599685 -0.88883491 -0.94799203 0.81658040 0.11879401 1.55280456 0.06552257 0.34542287 -0.27078474 -0.02313805 -0.40407439 0.01737339 -0.32310542 -1.06183855 -0.17827055 0.19409443 -0.17490141 0.17103511 0.21683711 -0.14406543 6.00000000
9.53551289 -4.51205370 3.30145683 0.00935230 -0.41874158 0.98062195 2.02465816 1.24507155 -1.72265741 -1.97856949 0.26652256 0.05726336 0.04728699 0.72279079 -0.46387271 0.44493796 -0.18837087 0.40751655 0.30286755 -0.27410532 0.17109318 -0.66060715 0.01779286 0.34267390 0.23937477 0.26710159 0.13167565 0.29970732 -0.16352620 0.02634168 0.21993549 -0.17505997 0.29880562 0.03031464 -0.17070884 0.13608066 0.23307755 -0.08510682 0.00449451 0.02820069 -0.02715575 -0.43103591 -0.08910406 0.07237292 -0.22856756 -0.15909719 0.25277343 0.33035866 0.30873315 6.00000000
9.28516569 -4.45803156 3.74021562 -0.57399090 -0.12568227 1.36239194 2.54778468 1.72610912 -1.61971851 -1.47221219 0.77040305 0.00358323 -0.03785002 0.31783623 0.64449626 0.24097131 0.57899864 0.45575525 -0.25679642 -0.02826124 0.31784613 0.83326583 0.37473141 0.05909683 -0.30353901 0.20423903 -0.15402915 0.10856863 0.17989868 0.09854945 0.15888725 0.17910566 0.20163698 -0.09612088 0.01664675 0.13551849 0.23197362 -0.01299955 0.09676409 -0.03431205 0.13645593 -0.19755105 -0.23516408 0.21765664 -0.14762787 -0.14997776 0.52963214 0.59046938 0.63765383 6.00000000
9.65530337 -4.95777762 3.71803185 -1.24640270 0.11936013 1.24844933 2.47399069 2.21095564 -1.42657469 -0.70442437 0.85843632 -0.29207706 0.00255505 0.22479905 1.27484142 -0.21719323 1.49689849 -0.06004636 -0.84888340 0.36622240 0.18244083 2.63877999 0.80571672 -0.60569935 -0.79501492 0.21429335 -0.54903355 -0.26090337 0.28026394 -0.23242977 -0.23975255 0.11762186 -0.28428582 -0.01799231 0.12050662 -0.00573626 -0.05789624 0.01940184 -0.10822807 -0.17765236 0.07363034 0.16560797 0.04103524 0.04726764 0.15446119 0.19791434 -0.26896473 -0.31589003 -0.32169774 6.00000000
9.79419363 -4.60610306 3.06865904 -0.07320949 -0.33507403 0.92174477 2.19912307 1.37460374 -1.78339008 -1.96120199 0.50872268 -0.09652267 0.07876276 0.71759523 -0.11523798 0.50279228 -0.05916182 0.44240855 0.03572528 -0.47719876 0.40574106 -0.24790178 0.03948571 0.41819997 -0.00919230 0.19940962 0.10544734 0.12756271 -0.08420733 0.00988567 0.17649078 -0.11969481 0.23501505 0.19946541 -0.13400949 -0.01139201 0.29860613 -0.15443333 -0.06590658 0.12678212 0.14733430 -0.36345163 -0.17526070 0.00575174 -0.32315351 -0.11165804 0.48632127 0.50380017 0.59350983 6.00000000
0.41305984 2.68426593 -3.39718578 -0.99896818 -0.51625212 0.75302091 0.15092381 -0.45419267 -0.13328169 -1.81731329 -0.55873933 0.56219986 1.32653753 -0.32007844 0.18576304 0.37618943 -0.17682969 0.19158096 0.21555142 0.72446888 -0.28887003 0.05500989 -0.43716259 -0.08257645 -0.78752897 -0.23156275 0.26644388 0.79839474 0.08048933 -0.68320604 -0.76117984 -0.12890878 -0.48318600 -0.80809370 0.23092424 -0.17254165 0.12741389 -0.34843752 -0.67855782 0.45847768 -0.55093420 -0.56632996 -0.20958482 0.07443462 -0.37443692 -0.11536078 -0.34148229 0.14089401 0.19112888 7.00000000
2.43659466 3.52626025 -2.39078586 1.06358033 0.05232284 0.34521136 -0.12396853 1.24643963 1.57749753 -0.88266722 0.27163770 -0.01230445 0.39106143 0.38877424 -0.28460183 0.45862733 0.33879498 0.18726304 -0.27190185 0.96355652 -0.92333426 0.07742540 0.28654460 -0.19084334 0.92788038 0.56769197 -0.28298529 -0.15247090 -0.72516266 -0.59133650 -0.51110835 0.37028660 0.53132693 0.27554726 -0.04097056 0.03267231 1.16054920 0.17911217 -0.33362953 -0.34137671 0.27749701 -0.03943464 -0.38881155 -0.23109084 -0.29889723 0.31488567 -0.34645461 -0.07606882 -0.24250011 7.00000000
0.57131755 3.50813335 -2.14787829 -0.45120089 1.24246673 0.01285479 0.07458600 0.95272262 -0.34268782 -0.13101989 0.76497639 1.04865435 1.36743451 0.26507748 -0.22261290 -0.39856411 -0.36506170 0.22300571 0.14308489 0.75806519 -0.58941758 -0.37966418 0.33323602 -0.53767877 -0.06667157 0.65187493 -0.20843265 0.46552816 -0.01570837 -0.49709581 -0.78007586 0.14667063 0.23664530 -0.60853822 0.33205865 -0.30169767 0.27907219 -0.17661828 -0.80000916 -0.58257589 -0.14929781 0.17610856 -0.47805493 -0.16946165 0.33882359 0.43340377 -0.52129887 0.06572977 0.29946801 7.00000000
-5.80590781 -4.54604623 -5.05677951 3.37220756 1.96577083 0.39744289 0.41786030 -0.35265441 0.10900699 -0.91170098 1.39539152 0.37022232 1.28658755 0.90258996 -0.27130080 0.28555522 0.02725443 0.28864755 0.22612280 0.42850641 -0.23382305 0.13835967 0.03897853 0.35768840 0.03290592 0.37164119 0.05482210 0.55630847 0.89971613 -0.10880090 -0.24389604 0.26981812 0.36609800 -0.22532212 0.39406859 -0.28946293 -0.32801908 0.08528250 -0.41195195 -0.20687166 -0.23401439 0.56756582 -0.75283635 -0.16734158 0.52745786 -0.19084187 -0.41431749 0.13410430 -0.23201060 7.00000000
1.51101716 3.38430472 -2.67570775 0.26050133 1.10083082 -0.38150740 -0.22641520 1.38377624 0.13525031 -1.46297503 0.75571178 0.64399855 0.78693490 -0.62374617 -0.15645023 0.51882592 -0.25916729 -0.66569982 -0.49121018 0.44186248 -1.19819367 0.26548004 -0.66351075 0.07190258 -0.02778654 0.29202297 -0.69527608 0.43701551 -0.54853859 -0.60887893 -0.40416081 -0.02774299 -0.25568039 0.31453141 0.09711021 -0.14163888 0.09291871 -0.26858223 0.20838328 0.37765404 0.42974565 -0.03861633 0.17967575 -0.12863187 -0.19665460 -0.21025194 0.26920265 0.17556615 -0.00562422 7.00000000
1.51101716 3.38430472 -2.67570775 0.26050133 1.10083082 -0.38150740 -0.22641520 1.38377624 0.13525031 -1.46297503 0.75571178 0.64399855 0.78693490 -0.62374617 -0.15645023 0.51882592 -0.25916729 -0.66569982 -0.49121018 0.44186248 -1.19819367 0.26548004 -0.66351075 0.07190258 -0.02778654 0.29202297 -0.69527608 0.43701551 -0.54853859 -0.60887893 -0.40416081 -0.02774299 -0.25568039 0.31453141 0.09711021 -0.14163888 0.09291871 -0.26858223 0.20838328 0.37765404 0.42974565 -0.03861633 0.17967575 -0.12863187 -0.19665460 -0.21025194 0.26920265 0.17556615 -0.00562422 7.00000000
6.90074811 -2.37411649 -4.18161624 -3.52818429 2.18195578 0.50631536 -0.82715846 0.62963711 1.48187782 0.20450453 0.11049155 0.64547231 0.34886364 -0.53319316 -0.19577410 0.10644330 0.17637361 0.23071340 0.34781578 0.64111515 -0.87366561 -0.39225991 0.62374662 -0.49615278 0.32092989 0.24712672 -0.14498279 0.54118819 -0.17419192 -0.17254874 -0.31383655 0.17979466 -0.10341365 -0.05118555 0.51733486 0.07705789 -0.55238026 -0.10046390 0.31094025 -0.38224985 0.07633115 -0.56440013 0.44569194 0.40928389 -0.10744611 0.34308643 0.18898569 -0.04868100 0.01154306 7.00000000
1.53763032 3.42977297 -2.15778238 0.31112773 2.26461084 -0.98519137 -0.06064891 1.33251821 0.26424462 -0.92678927 1.10251348 0.42310850 0.48448172 0.22567107 -0.34724015 0.53653763 -0.03959295 -0.35278007 0.13771152 0.66731332 -0.91890586 0.21934837 -0.00948954 -0.41608024 0.41698855 -0.51198085 -0.03986935 -0.35795251 0.15889721 0.00134462 0.60164474 -0.11459770 -0.35937638 0.10601242 0.08616755 0.14885007 -0.35964328 -0.08567059 0.49544616 -0.31192483 0.22686917 0.40892788 -0.36927063 0.38564678 0.26325141 -0.22129853 0.19350187 0.35993626 0.09478316 7.00000000
1.59506503 3.40247150 -2.57979491 0.34055727 1.12641582 -0.54746881 -0.22135056 1.42865011 0.22196866 -1.39610975 0.83843703 0.57965882 0.81542155 -0.58902396 -0.25275405 0.60420498 -0.16786257 -0.78053848 -0.49570587 0.64083683 -1.22969890 0.20016417 -0.58202478 0.02284696 0.03636958 0.28519701 -0.70506949 0.39059119 -0.60925519 -0.66989553 -0.31170666 0.11651138 -0.22213355 0.38147067 0.05390225 -0.15702012 0.14686395 -0.29891128 0.40300489 0.21535411 0.39555223 0.17428587 0.07000867 -0.12350245 -0.22255245 -0.24962886 0.29066332 0.17258729 0.04718022 7.00000000
2.44001106 3.18431273 -2.09577933 0.77397813 1.63118489 -1.38996152 -0.11807016 1.37424279 0.97828358 -1.04667733 0.93235258 -0.00873864 0.02840020 0.20063239 -0.25980130 0.70372541 0.45206056 -0.12981826 -0.16305779 0.95091142 -0.93735354 -0.22012271 0.27691492 -0.39819641 0.27210296 -0.10981052 0.43932529 -0.64302010 0.00091026 0.21393175 0.52255213 -0.05161402 -0.18432590 0.84974083 -0.40943216 0.11328324 0.09105147 0.18833352 0.48519006 -0.66559688 0.02686556 0.13272478 -0.66907325 0.24872438 0.24493959 0.10154148 0.13990488 0.03350356 -0.27227211 7.00000000
2.03864591 3.25991315 -2.00349704 0.71710676 2.00925596 -1.19739991 -0.18702003 1.23974058 0.61212799 -1.08358931 1.12779795 0.17692017 -0.22189550 -0.64516264 -0.18262867 1.13325308 -0.11014065 0.00787670 -0.04000777 0.88255042 -0.80344925 0.28521531 0.05678613 -0.28297242 0.11031297 -0.80029195 -0.00540344 -0.40246425 0.37493088 0.59551868 0.75941964 -0.56974063 -0.85784299 0.46517665 -0.59956629 0.66571607 -0.45738766 0.59923978 0.28732739 -0.03693207 0.26240047 -0.27738373 -0.12522723 0.40430108 0.56738678 0.03011097 -0.08254366 0.36326492 -0.30650587 7.00000000
2.52223737 2.99149045 -1.45470517 1.05823275 -1.41438592 1.02101610 -0.14975261 1.05760914 -0.52992222 0.50359010 -1.00474665 0.08189439 -0.78852433 -1.29396915 0.77519769 -0.06066442 -0.02444304 1.15360800 -0.98225043 -0.65350024 -0.47501435 -0.47750993 0.39865771 0.28505990 -0.30109003 -0.22170777 0.15643115 0.25551822 0.05596068 0.96089878 -0.56220060 0.44913971 -0.34641129 -0.17942011 0.68800985 -0.02112352 0.25679806 -0.34942961 0.05904876 0.42593158 0.23506639 0.41238054 0.09075975 -0.42157149 0.27381221 0.19175990 0.11007873 -0.25997709 0.20599250 8.00000000
2.06093990 3.50336239 -1.93845946 1.07258065 0.49769980 1.10082208 -0.16846119 1.13837004 0.15244009 0.59883603 -0.14744539 0.36713394 -1.13678846 -0.23124080 -0.01738855 0.19666637 0.04287272 1.27013150 -0.75863855 -1.51189651 -0.80442447 -0.60167542 1.17533792 -0.66543952 -0.29876205 -0.59617735 -0.01253856 -1.48578038 0.00303273 -0.62611341 0.05933553 -0.59853026 0.17913684 -0.64613087 -0.44537928 -0.87974376 0.36570413 0.24349906 -0.09179586 0.49903889 -0.16332944 -0.07426996 0.13300901 0.12866204 -0.18025484 -0.34271549 -0.17709131 0.17648359 0.15566022 8.00000000
1.78148607 3.09626095 -1.11562980 1.10996687 -0.34562795 1.60912524 0.67201120 0.46176167 0.68013156 0.36653649 -0.35143179 -0.00087433 -0.73953146 -1.04511869 0.67369560 0.21567785 -0.36502509 1.62140068 -0.65463271 -0.61185886 -0.50841995 -0.96043904 0.95265895 -0.10160889 -0.46242758 -0.17547261 -0.04338445 0.62376511 0.42432447 -0.13673452 -0.22452737 0.33121923 0.24703150 0.25409309 -0.08772433 -0.28502198 -0.35054768 -0.32382065 0.07272749 -0.31812263 -0.46282935 0.00650145 -0.31861111 -0.21118755 0.19238986 -0.75576055 0.56978232 -0.51947150 -0.00448188 8.00000000
-4.19364077 -4.74600156 -4.24919489 5.05708327 -0.88775123 3.11910029 -0.63440300 -0.26288784 -0.66828560 -0.66933081 -1.35808722 -1.11320404 -0.46913463 -1.29824305 0.52454493 0.56727868 0.22095568 0.75343116 -0.98909895 -0.94752213 -0.09172991 0.05425493 -0.55051974 0.50000901 -0.18364439 0.82147742 0.71528044 0.32721400 -0.11025624 0.89926753 -0.19574954 0.43628848 -0.95612759 0.10527653 0.58087784 0.21967167 0.21694365 0.30840121 -0.76618706 0.07411809 0.73723506 -0.17063839 0.25531027 0.46491309 0.92177028 1.23119644 0.30392136 0.74359103 0.35846457 8.00000000
1.38135917 2.99983176 -2.12378020 0.46123311 -1.27606754 1.76059601 0.07891120 0.55245013 -0.42793004 -0.09744119 -0.79780638 0.60857410 -0.63312155 -0.95368603 0.81949728 -0.18924645 -0.02951667 0.72558959 -0.80371051 -0.53931372 -0.25841920 -0.59418035 0.09198829 0.10275755 -0.50190511 0.41674746 -0.24905754 0.39773783 -0.18829634 0.12822297 -0.75833566 0.40875163 0.46896459 -0.08493877 0.35294028 0.61260250 -0.49148945 -0.27947180 0.59641570 0.29024346 0.00688280 -0.20623414 0.28011453 -0.65096773 1.12571601 -0.13370754 -0.01176322 -0.20085646 -0.71129685 8.00000000
2.06093990 3.50336239 -1.93845946 1.07258065 0.49769980 1.10082208 -0.16846119 1.13837004 0.15244009 0.59883603 -0.14744539 0.36713394 -1.13678846 -0.23124080 -0.01738855 0.19666637 0.04287272 1.27013150 -0.75863855 -1.51189651 -0.80442447 -0.60167542 1.17533792 -0.66543952 -0.29876205 -0.59617735 -0.01253856 -1.48578038 0.00303273 -0.62611341 0.05933553 -0.59853026 0.17913684 -0.64613087 -0.44537928 -0.87974376 0.36570413 0.24349906 -0.09179586 0.49903889 -0.16332944 -0.07426996 0.13300901 0.12866204 -0.18025484 -0.34271549 -0.17709131 0.17648359 0.15566022 8.00000000
4.88529549 -2.67542134 -4.23682494 -4.12739509 -0.06855366 2.30097280 -0.41733803 -0.20961429 0.28124085 1.38205113 -0.69740635 0.18285946 -0.59335044 -0.62785999 1.59144090 -0.24749697 -0.76729099 0.50898054 -0.83807922 -0.61414584 -0.02411477 -0.21691941 -1.89333583 1.24420303 -1.10684022 0.28653494 0.81801075 -0.00367107 -0.04995705 -0.45768543 -0.35208520 0.73957861 1.02458932 0.23830060 -0.63399955 0.51079216 0.41145016 0.56919980 1.04503452 0.01462451 -0.63865508 0.36373635 -0.65839089 0.50411270 -0.19092891 0.12742054 -0.82335984 0.49518302 0.34612730 8.00000000
-0.46043550 2.50367651 -0.21234434 -0.24474578 0.32125874 1.55822387 1.34280174 -0.63567387 -0.50460581 0.46816422 0.68598379 0.38173327 -0.11571755 -0.45848015 0.21472469 -0.76889065 -0.12990163 0.29490622 -0.16115501 0.08240423 0.31345447 -0.98216752 0.31491673 -0.01710340 -0.52839051 -0.62452691 -1.82429662 1.00894800 0.75955027 -0.59578953 0.48858846 -0.96635734 0.03153344 0.00350508 0.07037053 0.30969162 -0.78324619 0.14656567 0.33836737 -0.69307601 -0.64039947 0.37691162 -0.35728483 -0.45178756 -0.00084489 0.71711687 0.60026863 -0.14349756 0.63498303 8.00000000
3.10390082 2.75945790 -0.56347597 2.02596491 -0.95986074 1.34860691 0.22175857 0.59815434 1.32445539 0.22202924 -1.02795577 -0.73282790 -0.09667222 -1.51073917 0.38112827 -0.06727397 -0.26066764 0.99488837 -0.83708717 -0.58177063 -0.61257141 0.05628813 1.19877999 0.14850527 0.47329662 -0.29139296 0.26034575 0.90295092 0.15356038 1.28844926 0.88644816 0.84857912 -0.71749864 0.09005188 0.26728533 -0.82890100 0.56273846 -0.47857559 0.08090598 -0.41626880 0.58528455 1.07743863 -0.02911561 -0.02253103 -0.35311607 -0.31208611 0.10340137 -0.01888430 0.06199400 8.00000000
-1.78670617 1.91211552 0.77021140 -0.93509674 2.47061247 -0.08611626 0.18890291 -0.96837788 -0.89723166 -0.02554796 -0.11122391 -0.34083488 0.18251097 0.88118437 0.11722952 -1.56320988 -0.36418822 0.22115827 0.04941126 0.10195131 0.81396748 -0.25646328 0.52728098 0.21441670 -0.37362839 0.62379024 -0.35086325 -0.50231551 -0.50853438 -0.16925200 -0.34069541 -0.61446280 -0.28301444 0.36132629 -0.57998123 -0.07426944 0.13915096 1.30329124 0.67630659 -0.77296157 0.35459259 0.10167661 0.66539084 -0.74123166 0.04148818 -0.11819514 0.55206732 0.12807471 0.41085627 8.00000000
-0.31972643 2.14543802 -1.22418998 -0.82146558 -1.58278933 1.84702546 0.46363495 -1.13402435 -0.77324695 -0.52230138 -0.02563723 0.32151179 -0.08106141 -0.64856351 1.07346410 -0.05628854 0.02368840 0.10483234 -0.83798640 -0.12802530 -0.75705309 -0.69209556 -0.30270018 0.14633598 -1.31681516 -0.10386007 -0.94991195 0.78374199 -0.04330120 -0.13625626 -0.40126656 -0.76130138 -0.18835938 0.53154284 -0.53793663 0.95717137 -0.18819110 0.37830841 -0.07636503 0.33331095 -0.46769030 -0.67977272 0.39263860 0.11642718 0.01684047 -0.24112183 -0.54186146 -0.29611164 0.09711750 8.00000000
0.92449985 3.56369465 0.74390876 0.88663325 0.90261657 0.16677847 0.45798473 1.53924997 -0.69952472 2.06409581 0.53650930 0.33977527 1.30630719 0.04135177 -0.03362009 -0.99292104 -0.16586145 0.23421465 -0.16921604 1.55142590 0.47903004 -0.66081043 0.59082996 0.01847969 0.24302616 -0.51654676 -0.17992563 -0.16368218 0.18319344 0.10486059 0.33707081 0.36655010 0.02298130 -0.18301134 -0.59988398 0.71924715 0.11409380 0.24446944 -0.43355918 0.60865553 0.56278417 0.47576740 -0.38923998 0.30074746 -0.25639135 0.21275344 -0.41973324 0.03710394 0.50355670 9.00000000
-1.34909226 2.63206445 0.56167739 -0.75390362 1.04716211 1.51258188 0.55201186 -0.18798762 -0.67372384 1.13002342 0.13494461 0.58415587 1.00351760 0.11219846 -0.44615583 -1.97242450 -0.16665721 1.28742378 -0.15548980 0.09943237 0.96183456 -0.95363078 0.95611202 -0.54726180 -0.38869833 0.60641661 -0.70662030 -0.10179499 -0.27851377 -0.23026713 -0.33426396 0.14845689 -0.09869598 -0.15436347 0.48125309 0.35745663 -0.07239456 0.77095792 -0.34187483 0.00495222 0.58954594 -0.20445242 -0.50591418 0.20645894 -0.23676867 0.48427779 0.43573554 0.04865574 -0.79380926 9.00000000
2.54741120 3.07891988 0.09979823 2.31752421 -0.45608163 1.11765347 1.09303576 0.50463825 3.02421804 0.59009386 0.29362020 -2.00188727 -0.06359113 1.22052852 -0.05431575 -0.18289756 -0.21458607 -0.09691910 0.25918390 0.33411213 0.29866822 -0.18291649 0.05733071 0.04072919 -0.23303873 -0.05314417 0.10707268 0.30848086 0.50039289 -0.35596298 0.10849894 0.28357915 0.11178673 -0.04619140 -0.30657542 0.41713672 -0.02352971 -0.40634050 -0.51275284 0.00642617 -0.64093078 -0.45299675 -0.26161439 -0.28834601 0.48125796 -0.01778001 0.31089355 -0.04655283 0.15635464 9.00000000
-6.64986469 -4.14153635 -1.61694538 4.65661182 2.05320942 1.93027814 0.64108132 0.07731586 -0.89205989 1.74036985 0.41592965 -0.16451288 0.46508920 -0.11146258 -0.67741811 -0.97159259 0.29238693 0.44882670 -0.22309217 0.78080884 0.74316344 -0.89105659 0.40329427 -0.15636881 0.18093393 0.46758706 -0.35937417 0.25402619 -0.47284864 -0.33164638 0.04650009 0.60816502 -0.38592957 -0.04310346 0.39403841 0.25618056 0.24903118 0.21248516 -0.06281395 0.15413447 0.93723727 -0.25738329 -0.08156902 0.25671859 -0.73853028 -0.03729531 -0.32661265 -0.54943006 -0.09954828 9.00000000
2.40403126 2.99365774 0.13020274 2.34702475 -0.51780961 1.40273336 1.00632526 0.31626653 3.13179351 0.37802343 0.16160988 -2.37528037 -0.06509204 1.27227531 -0.09515926 -0.57327027 -0.19970237 -0.20831397 0.26370848 -0.05500622 0.25846194 0.11640303 -0.05553922 0.07609274 -0.16567240 -0.13678546 0.00660750 0.19461257 0.19742791 -0.50811545 0.18605741 0.45966865 -0.10232143 -0.04230310 -0.15256985 0.33852764 -0.13869471 -0.55653999 -0.32916981 -0.07051097 -0.23895795 -0.43709862 0.11000926 -0.16649840 0.23697200 -0.17792862 0.31614338 -0.16148144 0.11617632 9.00000000
2.40403126 2.99365774 0.13020274 2.34702475 -0.51780961 1.40273336 1.00632526 0.31626653 3.13179351 0.37802343 0.16160988 -2.37528037 -0.06509204 1.27227531 -0.09515926 -0.57327027 -0.19970237 -0.20831397 0.26370848 -0.05500622 0.25846194 0.11640303 -0.05553922 0.07609274 -0.16567240 -0.13678546 0.00660750 0.19461257 0.19742791 -0.50811545 0.18605741 0.45966865 -0.10232143 -0.04230310 -0.15256985 0.33852764 -0.13869471 -0.55653999 -0.32916981 -0.07051097 -0.23895795 -0.43709862 0.11000926 -0.16649840 0.23697200 -0.17792862 0.31614338 -0.16148144 0.11617632 9.00000000
6.31373333 -1.70716208 -1.51114203 -2.53078875 1.60897967 0.72471064 -0.16732548 0.99384618 1.39476862 2.04452060 0.58488262 0.11387708 0.49868490 -0.24348902 0.32914031 -1.30703396 0.13429692 0.19170338 -0.25111987 1.36360013 0.63090915 -1.05269851 0.53954810 0.24082295 0.37857088 -0.62840052 0.12568916 0.13133514 0.63866997 -0.36952585 1.10498953 0.94800962 0.88996232 -0.01333139 -0.40893509 0.32505643 -0.43043544 -0.42644305 0.22910128 -0.00047311 0.03418121 0.28387274 0.20886093 0.27737150 0.12862718 0.07067679 -0.08119886 0.61305560 0.16328093 9.00000000
2.59316008 3.17463611 -0.51544260 2.28830279 0.20234354 0.57914646 0.20043487 0.83030875 2.39528007 0.24253152 0.86336670 -1.61598229 -0.00293932 1.40660758 -0.58995852 -0.24750353 0.13975410 -0.57014779 -0.11635553 -0.61625869 -0.26480096 0.32548096 -0.44973623 -0.01977121 0.01783256 -0.06172764 -0.00734611 -0.59414338 -0.56741522 -0.05042079 0.31249470 0.00030773 0.37177548 0.08240663 -0.65090306 0.64457492 0.00809395 0.32097599 -0.06006913 0.89012309 0.45122204 -0.25129420 0.06684648 0.10698605 0.75739329 0.23991832 -0.11989010 -0.10780309 -0.23930010 9.00000000
3.10212915 2.74896129 0.24324699 2.63947586 -0.49070722 0.71505832 0.43600472 0.31118882 3.01231881 0.21331802 0.41824502 -2.27047184 -0.03287194 1.42583901 -0.28380969 -0.39283845 0.20621122 -0.00902950 0.13928410 -0.72486150 0.15133533 0.17609181 -0.60302800 0.08202593 -0.26092640 0.10359143 0.05901351 -0.37118034 -0.32752797 -0.10020783 -0.44186282 -0.25964604 0.07579468 -0.09876210 0.07749152 0.04537643 -0.15294979 0.53364446 0.26679911 0.42375287 0.45710755 0.08817723 0.15820098 0.11177231 -0.04148239 0.47043272 -0.12517009 0.18567777 -0.12479352 9.00000000
3.28331411 2.66869818 0.61510353 2.60130151 -0.79274241 1.02972243 0.94022146 -0.09834046 3.22012278 0.18527586 0.06630001 -2.26308721 -0.11251991 1.08301804 0.23338514 0.03996811 0.27950464 0.29927298 0.33952628 -0.19248690 -0.00868627 -0.01588490 -0.31204221 -0.09122630 -0.29592909 0.20348057 -0.03551155 0.15929450 -0.04109426 0.18926078 -0.36431194 -0.02979968 -0.42560489 -0.20333734 0.69494289 -0.09815135 0.01292490 0.18837535 0.32196615 -0.09903001 -0.10442696 0.24632304 -0.08007702 -0.01733099 -0.34083943 -0.24263815 0.26069619 0.14914762 -0.10506857 9.00000000
3.36650258 2.21478411 0.93855970 2.63101624 -0.51900939 0.43168835 0.62998395 -0.45164568 2.96160919 -0.18341428 0.58539704 -2.17852177 0.09654713 0.91441470 0.23324988 -0.38235717 0.21193345 0.02891476 0.40240958 -0.30746391 0.39108640 -0.01639246 -0.85405606 0.24794157 -0.38130623 -0.34920375 -0.28949640 0.17797611 -0.01421776 0.25222945 -0.90917712 -0.98666033 -0.74185006 -0.30218003 0.71324274 -0.87689206 -0.78465750 0.35173435 0.89346933 -0.33621484 0.17763071 0.73013988 0.45635951 0.26350473 -1.08540198 0.25553956 -0.78166016 0.00077782 -0.10833824 9.00000000
-2.92788828 0.63625729 -0.89018593 -1.99944752 -2.50907162 -0.03541975 -0.02457073 -1.11950174 -0.86189425 0.27068249 0.72007798 0.18526258 0.01087258 0.93541668 -0.19603850 0.82998830 -0.33414409 -1.34608697 -1.00060718 0.00322634 0.12633008 -0.02982571 1.23821883 1.14185287 0.10513565 -0.61095998 -0.69901197 -0.27158217 -0.86519022 -0.01765078 -0.30039047 0.42736523 -0.33759466 -0.42650034 -0.28087619 -0.57975963 -0.66846477 -0.44392907 0.00763189 0.44064671 0.08701243 -0.11714397 0.36694194 0.15611340 0.08014481 -0.01828487 0.11096279 -0.09616965 -0.03177188 10.00000000
-2.39070166 1.62369617 -0.72600870 -2.20086741 -0.20360732 -0.09600519 0.47782236 -1.37811549 -0.79622427 0.47188863 0.81314708 0.27982101 0.34640407 1.28058701 -0.54375403 -0.34979725 -0.23423767 -0.05560127 -0.18931368 0.33373036 -0.12841922 0.02931394 1.20309240 1.42066118 0.45283924 0.50424886 -0.95067693 -0.45728557 0.64647335 0.70652523 0.00697828 0.18726034 -0.44612475 -0.11069844 0.49015665 -0.08056812 -0.58838239 0.39677261 -0.07767015 0.08910355 -0.11373225 0.16884095 0.08395249 -0.70640002 0.45775175 0.15720484 -0.84680957 0.68677542 0.24841119 10.00000000
-0.19060745 2.50692326 -2.89620628 -1.29295745 -1.98460232 1.57462710 0.87374495 -1.83793373 -0.92389479 -0.53453216 -0.86074794 0.34239350 -1.34467160 1.44588634 0.36499076 -0.45243684 -0.24949605 0.50081278 -0.00164924 0.99461969 -0.00489100 0.28927510 -0.00955255 -0.29946701 0.45903108 -0.03812854 0.18757853 -0.15876402 -0.00039101 -0.07428157 -0.01595816 -0.20083485 0.28386077 0.21133604 -0.08766662 -0.29604408 0.09953732 -0.02098561 -0.15219071 -0.33003865 -0.16265126 -0.00773378 0.08459507 0.05087481 -0.10313665 0.24238168 -0.01800748 -0.24417839 -0.09061108 10.00000000
-6.17311408 -3.88658679 -3.01863525 2.44774463 -1.11718129 1.37401063 -0.04872930 -0.59988497 -1.83634079 0.77126116 0.92147438 -0.62625565 0.44417077 0.49423909 -0.03968237 0.45855982 0.45320828 -0.87082535 -1.31185232 0.88008351 0.01527238 -0.46425996 0.36495530 0.63945177 0.17419562 0.19245398 -0.56563780 -0.64115029 -0.45004882 0.27111256 0.01485190 0.31792562 -0.19524750 -0.36668177 -0.24059668 -0.69438652 -1.05294654 -0.26589157 0.06973022 0.38175465 -0.07846377 -0.08940890 0.43741494 0.34701191 0.17991976 -0.02587075 0.10373028 -0.04745807 0.27476210 10.00000000
-0.34499117 2.41428386 -2.87508265 -1.46681050 -1.88114484 1.45331061 0.61115218 -1.91910598 -1.20752381 -0.79142110 -0.69790532 0.32831939 -0.97784551 1.38506365 0.41334837 -0.36292274 -0.33698635 0.23285856 -0.18167124 0.93803385 -0.09269674 0.34101685 -0.28333552 -0.28066832 0.37678007 -0.03603984 0.23359020 -0.13291667 -0.08284861 0.19284710 0.23474102 -0.20435589 -0.13670690 0.20191049 -0.08278864 -0.04592316 -0.14614307 -0.00878781 -0.07723199 -0.04470902 0.29347232 -0.06537000 0.07509894 0.18283085 -0.17082558 -0.00445296 0.08361854 -0.11592153 0.07727097 10.00000000
0.58012015 2.68128383 -3.22569807 -0.81882336 -1.96292679 1.81360888 0.53954664 -1.25084354 -0.72685323 -0.90493270 -1.28839611 0.60308258 -1.24878071 0.86103425 0.30529025 -0.30418106 -0.18598147 0.54945937 -0.09778439 0.64137832 0.17905314 0.47309996 -0.29155817 -0.22014106 0.60534051 0.02797454 0.63232364 -0.10912980 -0.08481735 -0.12007820 0.19067075 -0.06440960 0.04232958 -0.20838201 0.24003554 -0.00717628 0.04117062 -0.10102990 0.14105073 -0.19144986 0.14038798 -0.06743286 -0.17610709 -0.30427791 -0.21251518 0.10209041 -0.11400803 0.09228792 0.27072206 10.00000000
-0.61702355 -0.66382662 -2.24047621 -4.53946923 -1.00588767 0.42546532 -0.43613333 -1.49893585 0.29206434 0.42204100 0.95565482 -0.38764814 0.93924770 0.91678925 0.76676219 1.89413875 -1.10719059 -1.34327693 -1.54353053 0.34969328 0.17614488 -0.06618059 0.36180183 2.59868818 -1.19926140 0.42727273 -0.09204436 -0.71077725 -0.30393511 0.31021238 0.33235074 0.13410807 0.04731468 -0.57312594 0.33414847 0.11645193 0.27531780 -0.02006402 0.16738222 -0.22787113 -0.00215604 0.21708475 -0.11688488 0.56298982 -0.09730249 -0.27765830 0.45011304 -0.52158365 -0.16851388 10.00000000
-0.22737081 2.56543822 -2.96558145 -1.30940969 -1.84783125 1.49700651 0.72790608 -1.77618740 -1.01253898 -0.56982180 -0.74770272 0.37991418 -1.30893592 1.54112150 0.33624106 -0.46698239 -0.25049823 0.32602032 -0.07562641 0.84976301 -0.08835590 0.31683853 -0.23635838 -0.29979189 0.51529990 0.05403255 0.27693767 -0.35270302 -0.03926502 0.08058685 0.28685993 -0.13170279 0.10439241 0.27345968 0.02384052 -0.16849882 -0.17388035 -0.15223213 -0.07797371 -0.12470708 0.29351466 0.03805660 0.19421236 0.08159929 -0.05548738 0.06770715 0.03633384 -0.11444487 -0.02575253 10.00000000
-0.12125720 2.56393577 -3.00241239 -1.29504016 -1.95574447 1.59354815 0.69184184 -1.73921010 -0.97824373 -0.69039466 -0.90274994 0.44220065 -1.32178384 1.48893200 0.31889222 -0.44200235 -0.22013442 0.39194792 -0.08426812 0.86275370 -0.08413830 0.51373256 -0.31957813 -0.34175257 0.64352690 0.02894838 0.34354604 -0.27642392 -0.09381960 0.02779383 0.31446535 -0.15182173 0.07092406 0.14466498 0.04135343 -0.08689978 -0.07314462 -0.17989326 -0.00289890 -0.16860178 0.31314513 0.07095391 0.12680620 0.01502839 -0.05412328 0.06073652 0.00227484 -0.11947401 0.08203255 10.00000000
-0.22647677 2.31204470 -2.59718238 -1.22049697 -1.83351259 1.57596997 0.79674565 -1.92600296 -1.11953985 -0.86910880 -0.79889801 0.21210617 -0.75607750 0.61509876 0.49764212 0.07363491 -0.32655688 0.20876876 -0.24833253 0.84840738 -0.24848588 0.38624851 -0.54456326 -0.55511890 0.35069576 -0.58197481 0.04478937 0.17393277 -0.17807019 -0.12876534 0.43597187 -0.06519304 -0.34134717 -0.19062414 0.02740779 0.35621827 0.30673277 0.24281876 -0.17274873 0.42459720 -0.11197459 -0.38510793 -0.26389965 0.49401977 -0.10190797 -0.23462550 -0.03985087 -0.00592876 -0.16543684 10.00000000
-0.08576333 2.55038641 -3.13911213 -1.24646049 -1.37499466 1.23768459 0.55054500 -1.59101182 -0.91408469 -0.82170279 -0.86887689 0.34021340 -1.51557651 1.32533230 0.26793800 -0.24461439 -0.05864949 0.38561967 0.05976251 0.78281051 -0.17519488 0.62947228 -0.17966516 0.04292473 0.51842906 0.12587665 0.18698213 0.01917295 -0.02305959 -0.06521750 0.20725832 0.07695381 0.25056808 0.21913456 0.15664386 0.10383392 0.00862053 -0.07432137 0.26618050 -0.23718958 -0.08131799 -0.09532367 0.03200626 -0.47228150 0.04223028 0.08765440 0.05806984 -0.20763433 -0.01399387 10.00000000
-2.39854973 -2.24591482 -1.81098567 -0.36688806 -2.83316330 -5.17769311 1.56345697 1.25170848 0.34350639 0.23706451 -0.44197602 0.01901881 0.12216409 0.05264707 0.29370363 0.14251660 0.11963876 0.27227179 -0.26161024 -0.55120126 0.02398491 -0.13011807 -0.29571698 -0.47125203 -0.43539394 -0.37420939 -0.16984961 -0.04187061 0.35736236 0.02808363 0.75527863 -0.57147962 -0.31549956 0.05893100 -0.48302999 0.25435282 0.39181035 -0.87885664 -0.35032242 0.15911432 0.48312802 -0.11296385 0.45914618 -0.58865378 -0.12201040 0.44765331 -0.29533915 -0.14799853 -0.26272705 11.00000000
-2.64058623 -1.30933550 -1.24602113 -0.89552714 -1.95658685 -4.74718543 2.24578292 0.23921050 0.35072743 0.23593170 -0.57395064 0.13390391 0.15350820 0.00045608 -0.40059374 -0.13168737 0.09947372 0.31873250 -0.03560686 -0.04723262 -0.16012667 -0.22983679 0.05869281 -0.11046663 -0.08493086 0.11850448 0.17648624 0.07680263 0.12309726 0.10441967 -0.31981930 0.12674294 -0.06401439 0.00033891 -0.50033608 -0.20671243 -0.78460820 0.50494584 -0.43030190 0.12107908 -0.20059956 0.12322783 -0.52765524 0.55309276 -0.38857388 0.25504471 0.24837303 -0.07365931 0.07544096 11.00000000
-3.09837603 -2.00410416 -0.56869764 -0.02543669 -1.06136106 -4.95913337 2.27712153 1.07064734 0.66455419 0.12219766 -0.61443055 0.48131230 -0.15579569 -0.26614756 0.02546505 -1.90977941 -0.89812883 0.40152930 -0.05654196 -0.36859726 0.38528212 0.16632606 0.10355694 0.39853436 0.35700709 0.71846503 -0.35548643 0.07310345 0.65058434 0.39243217 -0.63836464 -0.55582668 -0.21344688 0.78658976 0.24151450 0.51896591 0.06263046 -0.53940937 -0.02630373 -0.42769528 0.64031813 -0.45251502 0.74273033 0.26617995 0.11686352 -1.18112238 -0.63482729 0.28957669 0.61964039 11.00000000
-5.47609032 -6.36381106 -4.61929302 3.65419939 -0.45979029 -2.26729173 1.33156625 0.60746372 -0.30956085 -0.01686301 0.42810802 -0.35203115 0.13455133 0.33689158 -0.38098610 -0.10804116 2.22193634 -0.08341009 -0.55855649 0.45413579 -0.24999478 -1.04588062 -0.12268094 -0.48378715 -0.12761346 0.08502811 0.32131187 -0.24209398 0.24111345 0.40430277 0.02266867 -0.87551346 -0.80656738 0.39132819 0.03256316 -0.06944814 0.12695482 -0.49494378 0.34470744 -0.22944616 -0.71246677 -0.31271752 -0.05786939 0.12886680 0.18121397 0.48908230 -0.42822447 -0.28237697 0.99666353 11.00000000
-1.60385044 -0.81782453 -1.50706402 -0.63468219 -2.54065513 -4.39539526 2.85002047 0.03135245 -0.24413317 0.37072751 -0.88513338 -0.03193677 -0.98801035 0.14938294 -0.55593566 -0.00368248 2.09080831 -0.64121326 0.23087467 0.29514722 -0.43615303 -0.68214429 0.46684421 -0.01482149 -0.11559426 -0.11692495 0.19227194 0.25656682 -0.19341241 -0.42651816 0.07562493 0.51617004 0.15273555 -0.67442544 0.26613566 0.17736040 0.14079208 0.82379249 0.06318555 0.09108333 -0.28568520 0.45566982 -0.46272755 0.13310125 -0.11971529 0.07094599 0.15601772 0.18163849 -0.11655920 11.00000000
-3.56536810 -2.01834733 -0.41971546 -0.58717102 -1.82771726 -4.86869376 1.74417038 1.02113094 0.65013355 0.05740712 -0.61936163 -0.12420856 0.31971275 -0.33017327 0.31256888 -0.88191126 -1.70166965 1.06483707 -0.00195425 0.09461694 0.16104136 0.70799812 -0.31004972 0.00459290 0.61414849 0.40387086 -0.60186645 -0.27587376 0.45143961 0.39652741 -0.54118157 0.21981757 -0.01216338 -0.14433474 -0.50282861 -0.46171781 -0.48937518 -0.05346460 -0.06244508 -0.02489063 -0.08410018 -0.37958660 -0.13190733 0.66660688 0.02103734 -0.36165250 0.21003834 0.04964497 -0.16015222 11.00000000
-1.18601946 -3.43791588 -3.22700088 -2.75310965 -1.31291582 -4.14677972 1.15972448 0.91034337 2.10291017 0.34553182 -0.23737624 -0.08511775 1.18979111 -0.50721892 1.05644573 0.84042643 -1.64389467 0.31239508 -1.25978020 0.04081083 0.31467693 -0.14637836 -0.90494263 0.78477076 -1.13688269 0.53425120 0.01286187 -0.35553915 0.14596446 -0.16482119 1.48989683 -1.12660114 0.24787954 -0.78365589 0.02937713 0.32001839 0.50937269 -0.20956306 -0.49851134 -0.91406560 0.55497403 0.10663699 0.13656095 -0.52573588 -0.28627786 0.48594808 -0.12011224 -0.34673317 -0.35004938 11.00000000
-4.13883396 -2.17352716 -0.70506179 -0.82237251 -1.97843591 -3.75495095 0.67358276 0.95886499 0.72761100 -0.26496162 -0.99445826 0.33248804 0.81736155 0.21645381 0.29011090 0.41415059 -1.71179227 1.43979766 0.73712396 -0.02227386 0.54805860 0.65898315 -0.36216900 -0.47772177 -0.96467455 -0.24461377 -0.18485235 -0.00336871 -0.59744719 0.03766269 0.52679187 1.31241313 0.46802576 1.41574583 0.04090635 -1.23736512 -1.24240671 0.37355703 -0.16711351 0.71381218 0.24469550 -0.01375726 -0.41537287 -0.77398834 -0.23810116 0.39855710 0.22367035 0.03776783 0.02514433 11.00000000
-1.76166491 -1.11293749 -1.74313669 -0.65665939 -2.65290109 -4.57433552 2.53746400 0.11899843 0.15175983 0.20591958 -1.05132432 0.25464864 -0.92304000 0.32749396 -0.60822280 -0.03212634 2.00340713 -0.80165622 0.19535339 -0.04388382 -0.30725006 -0.75112496 0.66279846 0.18498932 -0.45558713 0.18184561 0.55797217 0.09225680 -0.24498796 -0.49044877 -0.17803916 0.29146038 0.03187320 0.06558750 0.22998569 0.16786624 0.18575172 0.25247402 0.20510475 0.09282238 -0.03135767 0.37881600 -0.06297824 0.07604953 0.10648986 -0.19276125 0.24987085 0.03907477 -0.21434992 11.00000000
-3.39793602 -1.58451698 -0.13046836 -0.43196336 -1.75112507 -4.28916559 1.83831724 1.03929255 0.60969826 0.49094178 -0.31008969 -0.10228725 0.71679897 -0.35291588 0.09547375 -0.49345900 -1.58429918 1.04255392 -0.36799084 -0.24868119 -0.17730154 1.21123610 -1.21105033 -0.57121444 1.96268629 -0.47106363 -1.06001625 0.12555900 0.15300692 -0.09796822 -0.29811572 0.52348547 -0.14633440 -1.64448429 0.23293925 0.01967190 0.66807043 0.67450806 0.76920777 0.33682302 -0.80182323 -0.10790330 0.23869301 0.46503429 0.60754812 0.10205828 0.29644524 -0.05027689 -0.01617256 11.00000000
-1.66089101 -0.98555587 -1.83349084 -0.68974547 -2.50949288 -4.27799228 2.23987542 0.04732293 0.21943069 0.02156419 -1.07553234 0.37890320 -1.15204648 0.23355641 -0.74972696 0.14511158 2.36527157 -1.00217418 0.26327788 -0.17103297 -0.13712211 -0.73439079 0.66151202 0.21189618 -0.64376675 0.28575171 0.60238995 0.06723485 -0.48563219 -0.59787235 -0.07719112 0.27770590 0.21431797 0.23729186 0.38008587 0.30517824 0.15232216 0.01273887 0.33324466 0.14776545 -0.02169801 0.18784001 0.24068409 -0.27732521 0.13235582 -0.22215990 0.31457313 0.06236747 -0.22782613 11.00000000
-3.06696279 -0.15022360 3.09847722 -0.68959389 -1.16553456 -0.02717987 0.32981098 0.57467131 0.53430255 0.93886323 0.64824386 0.73193556 0.12450905 0.12989444 0.51340681 -0.10395669 -1.18412636 -0.69683383 -1.61050820 -0.60951501 0.24406619 0.40790782 0.54688587 -0.14006568 1.32967898 -0.66856427 0.69744080 0.28350584 -0.50864699 -0.70628677 -0.14467998 -0.40363720 -0.12555485 0.28534981 0.58378030 0.30078266 -0.21419817 -0.06327007 -0.41593693 0.19380906 -0.43837215 0.48051031 -0.04467078 -0.06190801 0.00190699 0.06178806 -0.25836054 0.42651681 0.02410143 12.00000000
-4.57397149 -1.54522562 2.60927781 -0.17960907 0.24036076 0.53162873 0.41619498 0.05277300 1.64634603 -0.67042085 0.03010124 0.93474749 -0.41597283 -0.22548197 0.19816187 -0.08325951 -0.71128155 -0.81816920 -1.37058456 -0.78496132 0.49634755 -0.09119977 0.89076253 -0.47579270 0.90149124 0.22049538 1.08963086 0.51583615 0.29978617 -0.73132496 -0.33173832 -0.63649038 0.10634357 0.49662758 0.39453952 0.20881623 -0.54923145 0.21143273 0.03126070 0.21490173 -0.07008764 0.17764820 0.03083971 0.17083958 -0.07261762 0.06996028 -0.01580764 0.21378096 -0.23104335 12.00000000
-2.90905885 -0.29713127 0.99526446 -0.21651989 0.52630892 0.69106764 2.29779754 -2.40596546 0.54840561 -0.13905258 0.94073387 -0.15917180 0.53941340 -0.64473228 0.20754022 0.89404511 -0.16522043 -1.22945468 -0.57865897 -0.77289696 0.30595378 -0.30493504 0.01216124 -1.43915121 0.06845271 -0.94535873 -0.21511445 0.06865627 0.10484931 0.50040902 0.03803411 0.45224196 0.22601327 -0.14421133 -0.37641373 0.34897827 0.28940823 0.25014513 0.09948230 -0.06744911 0.16997235 -0.03636668 -0.08139020 -0.44169198 -0.10637408 0.15032912 -0.77640068 0.08997416 0.00882948 12.00000000
-6.98717232 -5.38179413 1.68998276 4.44016466 1.19919615 1.70687680 0.61541859 1.15664911 -0.71443970 0.58209212 -0.81147664 -0.20168106 -0.98515711 -0.63251598 1.79516461 -0.68164886 -0.09264367 -1.42433016 -0.20051566 0.88345931 -0.42034296 -0.21210619 -0.52209125 -0.51883700 0.53536706 0.16276599 0.11884582 -0.07984744 0.10718771 -0.01478220 0.71341826 -0.31915354 0.03109582 -0.37922648 0.17549212 -0.29274419 -0.52586365 -0.57525860 0.31493427 0.47449081 -0.65459549 0.40289033 -0.24811303 -0.34530071 -0.33642686 0.01809282 -0.22561165 0.23070873 -0.83706190 12.00000000
-5.12786584 -2.83463730 2.95094613 2.20472984 1.18543657 1.12125721 0.83410493 0.95656376 1.30237676 -0.61070849 -1.08820876 0.84129061 -1.01086886 -0.21333149 2.29499982 -0.96030423 -1.59828158 -1.82118890 1.81155831 0.29219494 -0.97130008 -0.57077335 0.60919806 -0.21408981 -0.73228878 0.69277096 -0.52855227 -0.69601449 -0.36190296 0.10252921 0.42914983 0.15391959 -0.11992280 0.17641445 0.29691077 -0.29025747 0.42717655 0.20689922 -0.08261323 0.07709042 -0.20346973 -0.16649930 -0.02889224 0.27285406 0.25448207 0.09312396 0.00143514 -0.05175052 0.23323371 12.00000000
-5.12786584 -2.83463730 2.95094613 2.20472984 1.18543657 1.12125721 0.83410493 0.95656376 1.30237676 -0.61070849 -1.08820876 0.84129061 -1.01086886 -0.21333149 2.29499982 -0.96030423 -1.59828158 -1.82118890 1.81155831 0.29219494 -0.97130008 -0.57077335 0.60919806 -0.21408981 -0.73228878 0.69277096 -0.52855227 -0.69601449 -0.36190296 0.10252921 0.42914983 0.15391959 -0.11992280 0.17641445 0.29691077 -0.29025747 0.42717655 0.20689922 -0.08261323 0.07709042 -0.20346973 -0.16649930 -0.02889224 0.27285406 0.25448207 0.09312396 0.00143514 -0.05175052 0.23323371 12.00000000
-1.84408675 0.11990173 3.38470525 -0.85188191 -0.35947198 0.28832339 -0.93580828 1.06455633 1.16128725 -0.69725534 0.92485799 0.54620774 -0.13793403 -0.12134834 0.82070529 -0.16013149 -1.05301352 -0.73127479 -1.60298659 -0.00068369 0.33465476 0.13232853 0.67390702 0.15950116 0.94965125 -0.17920979 1.55014214 0.46419800 -0.06923399 -0.51493499 0.07079213 -0.66244120 -0.31386276 0.53808251 0.74453014 0.56835734 -0.23788821 0.78638904 -0.51039076 0.26127620 -0.23736124 0.23592673 -0.08306244 -0.16925015 0.01727481 -0.18092573 0.13668260 -0.14757309 0.08320168 12.00000000
-2.37982941 0.32373074 -0.25567986 -0.24737090 -0.25478802 1.37523948 2.54754548 -2.58884894 0.02690256 -0.16936461 0.13832627 0.24646599 0.55878930 -0.12204240 0.55203092 0.62725228 0.06253766 -1.29882881 0.11686857 -0.53987274 -0.00395506 -0.46567732 -0.42697127 -1.24784196 -0.27564068 -0.42578344 -0.35450465 0.45061603 0.51679939 0.89698604 -0.65940186 0.31094238 0.62050687 0.08694601 -0.57469612 0.15289324 0.17714898 -0.00074516 -0.13863621 -0.15609396 0.64500978 0.40488660 0.10657192 0.15042059 -0.09684759 -0.09189875 0.33444199 0.11886195 -0.26619379 12.00000000
-2.15736435 0.22265037 -0.57356284 -0.14090174 -0.16168395 1.32036599 2.66642649 -2.52651953 0.02209090 -0.19243124 0.00537964 0.38907042 0.49694580 -0.05084541 0.50053767 0.59440624 0.14168627 -1.05073449 0.15855646 -0.46643714 -0.07208045 -0.28460464 -0.67247660 -1.16428975 -0.21238373 -0.53913292 -0.43781864 0.44188112 0.61959212 0.86658011 -0.69897274 0.24492038 0.68546185 -0.09335123 -0.59603904 0.05459363 0.24712044 0.00715212 -0.18790732 -0.06840730 0.55847675 0.31698334 0.19095370 0.24268107 -0.02943608 -0.14625171 0.42264737 0.18756485 -0.35401817 12.00000000
-3.85204439 -1.08097897 0.94419633 -0.49107412 0.01055268 0.30619949 1.38467613 -1.96494145 0.71538634 -0.39291591 0.95921072 -0.11667709 0.90853564 -0.66370729 -0.06307204 1.03724145 -0.45028121 -0.80220463 -0.90100836 -0.99503097 0.44722210 -0.20881656 0.33930708 -1.41071324 0.65416186 0.02387509 0.35637994 -0.22424002 -0.57090487 0.08014586 0.12592176 0.73826170 0.00843809 0.04599823 0.07232915 0.23360363 0.09935501 -0.04952213 0.47412711 -0.56030440 -0.25449218 -0.68601623 0.01303512 -0.04574200 -0.23323167 0.03110813 -0.13509145 -0.17568582 0.51892321 12.00000000
-3.89098586 -0.95855871 0.91363774 -0.59746644 -0.58057896 0.92801758 1.59330896 -2.10680955 0.75674517 -0.11324875 0.97998702 -0.00191655 0.94890821 -0.54544455 -0.11399232 0.98366510 -0.53771069 -0.80804012 -0.65002367 -1.02361196 0.50132730 -0.43380063 0.56327648 -1.42654939 0.32838917 0.25606039 0.29614672 -0.42707877 -0.24604667 0.08451896 0.07146736 0.44697803 0.17259778 -0.04957195 0.00423473 -0.13162182 -0.07687558 -0.25375957 0.24727327 -0.60437451 0.01817307 -0.28645031 -0.00425101 -0.10058719 -0.25819066 0.17400920 0.01349384 -0.15084623 0.35632372 12.00000000
0.72469047 2.81463657 0.08392096 -0.07389183 3.87545509 -1.87020691 0.32283405 0.13623864 0.05302787 -0.71037914 0.07537835 0.33398696 1.08379610 -0.05858986 0.37022884 0.74147969 -0.44587403 0.51370352 0.36309328 1.94388588 0.82325819 -0.07133680 0.39866244 -0.36404946 -0.66262569 -0.06258714 1.53374512 0.16229004 0.08418378 0.83440135 -0.63124076 -0.19547155 -0.22218862 -0.21974455 -0.52769527 -0.06427437 0.11206635 0.16197270 -0.26669158 0.50577915 -0.48856155 0.33722144 0.62308299 -0.38772221 0.05973691 0.18068595 0.18524409 -0.12413119 0.13937313 13.00000000
-1.74983172 2.18379140 1.56987086 -1.34807081 3.96618203 -1.21442124 -0.46979435 -0.34020397 -1.28295623 -0.33474536 -1.84321337 -1.34341702 0.55761914 0.20802926 0.49974845 0.02234278 0.42838216 0.04661637 -0.18877521 -0.41997682 -0.21684021 0.05180971 -0.15651919 0.01890472 0.33132152 0.00196166 -0.18949679 -0.13464526 -0.17476794 -0.12086422 0.02760722 0.10209921 0.18369469 0.11313144 0.22454631 0.16835388 -0.13494949 -0.06353106 -0.11831482 -0.17231086 -0.01328959 0.09236177 -0.11577685 0.04701745 0.15977918 0.01897771 -0.05616808 -0.14197096 0.13761572 13.00000000
-1.92425928 1.97879804 1.93189252 -1.40566189 3.88845375 -1.14335429 -0.52432415 -0.30440361 -1.22516614 -0.44484721 -2.02744922 -1.29668681 0.43349295 0.12980860 0.48681189 0.15292491 0.54517875 -0.10819026 -0.15760837 -0.49388298 -0.55340990 0.02180912 -0.31712640 0.26486655 0.35528978 -0.01463660 -0.36054360 -0.13630915 -0.04008398 -0.10334838 0.08466137 0.03610645 0.31473187 -0.09890635 0.09725557 0.13858918 -0.17497434 -0.27499199 -0.24118844 -0.28091870 0.01584756 0.02667384 -0.17342913 -0.12516203 0.09830548 -0.06171490 -0.09605147 0.15570160 0.03743527 13.00000000
-4.81865929 -3.08607866 -1.90145854 2.29247795 3.94830132 -1.19161576 0.83704640 -0.66370050 0.54887085 -1.11522393 0.22157043 0.31677931 0.60901597 0.59070430 0.45617215 0.42546479 -0.96520581 0.47060845 1.06415480 0.65448685 0.88859915 0.63680244 0.85449681 0.55923526 -0.04930390 -0.66122293 0.82933103 -0.13053787 -0.26657050 0.14959660 -1.12545274 -0.37944419 0.55856474 -0.16883392 -0.31596192 0.28054780 0.68290953 -0.30024784 0.83334200 0.77465794 0.09204611 0.61121694 0.02282408 -0.85339834 0.05205594 -0.04897853 -0.04439730 -0.40935109 0.58127941 13.00000000
-1.79508168 1.96531626 1.91572881 -1.15016875 4.22650651 -1.27088010 -0.42232922 -0.51234378 -1.11904312 -0.50416465 -1.89532411 -1.23129519 0.25470276 0.05224720 0.54799631 0.35578017 0.56160907 -0.11158163 -0.22799687 -0.63245923 -0.12719385 -0.11610204 -0.21122829 0.06164362 0.00459158 -0.25300749 -0.09721116 -0.29995464 -0.24965497 0.00987119 0.21493048 0.03383353 0.12142512 0.08083888 0.13630932 0.09327106 -0.50267665 -0.23199769 -0.15181025 -0.03696015 0.16073341 0.02822014 -0.09846052 -0.02126841 -0.30406085 -0.05023885 -0.01468690 0.09903983 0.13345714 13.00000000
-2.20802640 1.75165487 1.90525222 -1.57336160 3.65057575 -1.16284417 -0.55694862 -0.52323818 -1.01796250 -0.63300623 -1.96022779 -1.35993120 0.11980175 0.10084544 0.51282433 0.34474637 0.58683606 -0.03121731 -0.19235273 -0.39113451 -0.60503729 -0.07941021 -0.08040436 0.39777284 0.48381360 0.04426704 -0.43937359 -0.06363505 0.10197571 -0.01047049 0.04940847 0.10687803 0.19131287 -0.36946996 0.05424300 0.20081814 -0.42397792 -0.04086859 -0.29779677 -0.34506355 0.01950455 -0.28070606 -0.20484190 -0.44977656 -0.18389357 -0.09755512 -0.30854205 0.15664854 0.11785406 13.00000000
5.78230646 -2.08428375 -2.26370444 -2.51314499 4.18961169 -0.83809878 -0.15693442 -0.33699682 1.00869507 -0.27403134 -0.17582800 0.17454578 0.12078844 -0.41202238 0.37272473 0.50184702 -0.20914123 0.50347886 0.35295003 1.40031620 0.66353542 -0.43106741 0.87450588 -0.73053607 -0.50110448 -0.24550661 1.29028957 -0.33201678 -0.01064492 0.20709094 -0.28186373 -0.19449052 0.38355956 -0.83617037 0.36775095 -0.22860726 -0.39064527 -0.45002171 0.01705599 0.06668917 0.02392570 -0.78440272 1.28417897 0.01399778 0.14225206 0.20170065 0.12936711 0.70474750 -0.47656122 13.00000000
-1.62004257 2.24898954 1.29300572 -1.28575945 3.97560302 -1.29020633 -0.33216461 -0.44527873 -1.31624266 -0.20927809 -1.59228394 -1.31172598 0.74891585 0.28514882 0.34071681 -0.11561005 0.29461764 0.20872520 -0.08572402 -0.37123607 -0.07998898 0.17090796 -0.09661521 -0.12223787 0.14792070 -0.06082323 -0.00572867 -0.08501475 -0.07696995 -0.18423243 0.02640420 0.10294182 0.03426518 0.17197279 0.17996853 0.08860804 0.17139182 0.00904896 0.04234604 0.00668560 0.04954597 0.25605242 -0.04127594 0.42256293 0.24113504 -0.05320538 -0.03002629 -0.29766112 -0.11782871 13.00000000
-1.47364502 2.17288728 1.17348268 -1.24749800 4.15293561 -1.41044352 -0.24104248 -0.52955266 -1.14367976 -0.46171259 -1.55214092 -1.18966891 0.66952507 0.18290190 0.36775014 0.15689621 0.26300001 0.35705127 -0.26651942 -0.36752278 0.17234565 0.05485410 0.01667154 -0.11393920 -0.09250885 -0.23003796 0.10665000 -0.09272660 -0.16602291 -0.12498570 0.11423979 0.13787895 -0.11113906 0.28491341 0.20358772 0.13339058 -0.01694904 0.09233265 -0.00704365 0.12840427 -0.11432096 0.25965639 -0.06042792 0.33639601 -0.04007762 -0.09889247 -0.09343734 -0.33862098 -0.01253038 13.00000000
-1.16937533 2.44490343 1.12844712 -1.01208964 3.80155750 -1.22479794 -0.19844442 -0.47458214 -1.21789848 -0.11794806 -1.18392318 -1.03562997 0.80734800 0.13210817 0.26836782 -0.23032833 -0.02008906 0.56151727 -0.08662441 0.10078767 0.39998700 0.04346445 0.01587060 -0.21992987 -0.14068880 0.08326868 0.50935436 0.04085164 -0.15845886 -0.06002593 -0.28470134 0.12707977 -0.23290931 0.46006447 0.06072383 0.05794636 0.20642405 0.14324260 0.17124873 0.13586842 -0.16014093 0.14534945 0.12380023 0.81272233 0.00458149 -0.14198706 0.10459048 -0.50017139 -0.09880344 13.00000000
-1.93643540 1.79320937 2.15941909 -1.23225011 4.16192716 -1.23156052 -0.32180734 -0.63798500 -0.81668386 -0.84660834 -2.11391946 -1.18184280 0.13989764 -0.18800947 0.58639773 0.69058514 0.59806159 -0.13079891 -0.11208885 -0.42521013 -0.57255099 -0.05149770 -0.23301149 0.39733214 0.26945917 -0.11696412 -0.18840003 -0.10234003 -0.00972417 -0.14025000 0.20858846 -0.08751224 0.31755614 -0.27469485 0.03505177 -0.02542410 -0.48599616 -0.13213657 -0.35792974 -0.11172529 -0.04175936 -0.16773809 0.00339615 -0.27121187 0.00357444 0.03447290 -0.13779745 0.20474562 0.11178119 13.00000000
7.35660334 -0.46653085 2.75071922 3.29535048 -0.98185514 -1.92033483 -1.84322428 -1.63791004 -0.74817249 0.34057235 0.24904636 0.91472355 0.06722321 0.11264159 0.51951991 -0.04049814 0.03763536 -0.10869330 -0.13434610 -0.04391492 -0.10200589 -0.32901570 -0.72828845 0.05932254 0.07006621 -0.60872628 -0.06189281 -0.75729648 0.63717910 -0.40696771 -0.52879178 0.71064473 -0.77439823 0.37830573 0.00703641 0.33293537 0.11426032 -0.05110418 -0.24579007 0.17432670 -0.00059422 0.14376089 0.02316009 -0.27286722 -0.19695000 0.16804203 0.15035159 0.00346192 0.23595956 14.00000000
7.47949751 -0.35411401 1.75946844 3.29767816 -0.84985709 -2.14879776 -2.17042112 -2.21822117 -0.06375969 -0.20718653 0.17013949 0.84880450 0.45685582 0.25163571 0.61509078 -0.08174307 0.21974198 0.19023853 -0.23220103 -0.18179552 0.03988512 -0.33132699 -0.10991159 -0.03025611 -0.10600450 -0.16585612 0.00128519 -0.45583429 0.26385118 -0.39749074 -0.22689086 0.34563917 -0.39977648 0.16958749 0.05779958 0.06124140 0.21393654 0.03984558 -0.24979608 0.07765283 -0.04572766 0.01774442 -0.10336830 -0.39006384 -0.01782073 0.10872294 0.44487953 0.03749281 0.38798455 14.00000000
7.11592987 -0.07066865 2.42278938 3.47328248 -1.10312766 -2.02914738 -2.09959954 -2.18799756 -0.34425331 0.09373570 0.40811422 0.92244025 0.28400833 0.07975853 0.96803651 -0.24656388 0.25737398 0.14735080 -0.08121566 0.05133968 0.03752177 -0.36346759 -0.51412342 0.17006501 0.09063741 0.13275593 -0.09437525 -0.31348635 0.27714113 -0.42501594 -0.24965642 0.44359887 -0.34038252 0.10576333 0.01541024 -0.05072320 -0.08541686 -0.00298655 -0.11070928 -0.25423433 -0.01431021 0.02915111 0.00498755 -0.13366835 -0.05938892 -0.07203149 0.13909850 -0.24767703 0.00743120 14.00000000
-0.37824235 -4.33566653 -2.02600952 3.04922565 0.37774486 -1.21209499 -2.22529594 -2.37653074 1.02421082 -1.30682149 -0.28860039 1.59486192 -0.68605250 0.64836544 -0.02651489 0.32685241 -0.52531711 0.64991837 2.27157890 -1.46826008 -0.51469183 1.26196223 2.03597166 0.78744184 -0.11762740 -1.09665943 -0.49930766 0.25034123 -0.25023486 -0.25203739 -0.36366164 0.04995730 -0.13676973 -0.43350602 0.14212034 1.34147679 -0.10785017 -1.06109998 0.58237129 -0.06163965 0.37074404 0.02583976 -0.49553544 0.63432641 -0.57800898 0.64600881 -0.15327764 -0.09708028 0.05067613 14.00000000
6.47191197 0.57341922 1.25550633 3.47787120 -0.92784734 -2.01417129 -2.32429475 -2.00963485 0.46794694 0.10972802 -0.17264867 0.12930836 0.26564285 -0.21416884 0.24291893 -0.19561162 0.36390741 -0.04908516 -0.26382618 0.26613150 0.16896654 0.45770732 0.49148098 -0.20935114 -0.00466050 0.80939402 -0.20740166 0.98773147 -0.71242067 0.47988466 0.61664816 -0.41797733 0.66701848 -0.35296717 -0.30248408 -0.14551595 -0.04379995 0.23130071 0.10602554 0.19385336 -0.06671619 -0.10193326 -0.17142136 0.18463017 0.08210194 -0.17411466 -0.01911193 0.13709697 0.28713333 14.00000000
6.47191197 0.57341922 1.25550633 3.47787120 -0.92784734 -2.01417129 -2.32429475 -2.00963485 0.46794694 0.10972802 -0.17264867 0.12930836 0.26564285 -0.21416884 0.24291893 -0.19561162 0.36390741 -0.04908516 -0.26382618 0.26613150 0.16896654 0.45770732 0.49148098 -0.20935114 -0.00466050 0.80939402 -0.20740166 0.98773147 -0.71242067 0.47988466 0.61664816 -0.41797733 0.66701848 -0.35296717 -0.30248408 -0.14551595 -0.04379995 0.23130071 0.10602554 0.19385336 -0.06671619 -0.10193326 -0.17142136 0.18463017 0.08210194 -0.17411466 -0.01911193 0.13709697 0.28713333 14.00000000
10.84267313 -4.50906546 0.76208733 -0.65657091 0.29348266 -0.88306400 -1.41654228 -0.62731431 0.50548380 2.47379764 0.24190512 0.27376247 -0.02607678 -0.17499845 1.07414297 -0.23407612 0.17008207 -0.42411404 -0.23411018 0.46372129 0.30566806 -0.67453415 -1.24827874 0.44488554 0.22947440 -0.65389084 0.28553844 -0.80178024 0.11254828 -0.38330470 -0.50587264 0.58595734 0.04404430 0.44440296 0.30082220 -0.23011801 0.20701912 -0.20087924 0.26183992 0.13601032 0.23526049 0.00148876 0.26977373 0.21525294 -0.32670632 0.07056870 0.17974090 0.34790757 0.36059630 14.00000000
7.28148794 -0.24894849 2.05982147 3.25235620 -0.60941509 -2.25783138 -2.16129289 -2.14248835 -0.13484060 -0.12809204 0.92734696 1.29359077 0.03635118 0.09182779 0.97102048 -0.19591408 0.30793083 0.08113712 -0.05195439 -0.07760369 0.01293618 -0.39452250 -0.43237696 -0.16747136 0.18269920 -0.18531258 0.04858484 -0.97145433 0.69030998 -0.50686441 -0.21174620 0.33074967 -0.24334860 0.22509516 0.03428479 -0.04883293 -0.04145879 0.01510107 -0.13875618 -0.26012821 0.09667199 -0.11480634 0.09966773 -0.29747911 0.43950279 -0.08747074 -0.12247984 -0.15773947 -0.41237609 14.00000000
6.13788443 0.89194691 1.03641219 3.42078700 -0.77527335 -1.80999297 -2.24584306 -1.75238276 0.83900921 0.16078159 -0.06215033 -0.03406450 0.13359832 -0.08676973 0.25647593 -0.13424534 0.46305728 -0.10128253 -0.41629842 0.18379718 0.30131881 0.48322756 0.57090190 -0.26336514 -0.11506190 0.91744136 -0.02126632 1.19326172 -0.87655627 0.78279786 0.66907533 -0.88140055 0.78350472 -0.37688610 -0.21189903 -0.40660022 0.08887457 0.24773289 0.09621259 0.27635434 -0.06386168 0.04178012 -0.04466083 0.29335018 0.03515583 -0.18899204 -0.15103944 0.20598962 0.11665001 14.00000000
6.90763288 0.10173987 2.27996498 3.40389873 -0.66385022 -2.15109055 -2.03284931 -2.16708275 0.15245636 0.01979106 0.99405496 1.10771927 0.28089458 -0.00634079 1.16127085 -0.12147260 0.61007621 0.31141283 -0.04340006 0.00942052 -0.00360338 -0.18539508 -0.50503961 -0.18129315 0.18743450 0.12952581 -0.13684374 -0.37946329 0.35910244 -0.22657662 -0.04506412 -0.02286189 -0.12355342 -0.02744607 0.18391890 -0.17973563 0.01287648 -0.08397357 -0.20104921 -0.23629341 0.03712958 0.03295423 -0.06258669 0.05235314 0.29442860 -0.10944726 -0.33939029 -0.09752605 -0.55767765 14.00000000
6.68829278 0.29725751 1.76688202 3.48388554 -0.65457022 -2.13970328 -2.19514218 -2.22280815 0.30574867 -0.02966215 0.37331198 0.68439161 0.20651540 -0.16245939 0.86066992 -0.17289102 0.41579655 0.05861828 -0.22037103 0.08787582 0.30257934 -0.05557167 -0.05838024 -0.05166342 0.11870011 0.22441326 -0.19979134 0.34090785 -0.25753589 0.21119506 0.39360578 -0.34323277 0.30858790 -0.07166130 0.04198132 -0.23095183 -0.20599061 -0.06976248 -0.06577710 0.02342870 -0.14568621 -0.21183750 -0.05216580 0.08569245 0.14745074 -0.11590867 0.05745040 -0.14052078 -0.31513175 14.00000000
1.54235233 2.79143597 -2.64737206 0.35066939 -0.06635994 -0.04722359 -0.30526633 1.06454349 0.30163641 -0.49955444 0.57121376 0.59618369 1.05110218 -0.20158669 -0.05289765 -0.33275232 0.56428576 0.06235465 0.14579232 -0.67605835 -0.86888041 0.00630420 -0.02682966 0.55474992 0.10480409 -0.13027552 0.22787149 0.09888496 0.55956012 1.37384270 -0.33906069 -0.13202765 0.14728017 0.84306182 -0.09474869 -0.01015277 0.26924044 0.72898078 -0.35174444 0.03193205 -1.07334055 -0.72632143 0.18277795 -0.11219631 -0.89820904 0.42620240 -0.21336319 -0.22262427 -0.16106828 15.00000000
0.17596167 2.14206465 -1.50065356 -0.45312558 -3.20454378 2.61932895 0.07157896 -0.07869338 -0.39768280 -0.74525987 -1.13422128 0.55337782 2.18657935 -0.94588594 0.35609645 -0.25295014 -0.03449803 -0.16317419 0.95562411 -0.36396667 0.71637700 -0.07407664 -0.20509689 -0.22892110 -1.03878327 -0.55094736 0.43638930 -0.15621644 0.22590098 -0.60256494 0.33085073 -0.83364463 -0.69703426 0.00299694 -0.01022213 -0.01220570 -0.71216887 0.00365979 -0.21433329 0.05807846 0.23937919 0.08076327 -0.42423678 0.32793697 -0.54576317 -0.79542823 0.15348029 0.62289049 -0.33172771 15.00000000
-0.20191614 3.05090504 -1.57121500 -0.40868518 0.43567313 0.33842486 -0.17939492 0.84105452 -1.51290139 0.86804792 1.13409242 1.29702454 0.90563293 1.23155552 -0.41498610 -1.76914237 0.05493800 -0.82187900 0.45851416 -1.40715827 -0.91011952 0.61486294 -0.77764213 -0.25155950 -0.47093915 0.22669724 1.01685388 0.15029099 0.14339385 0.37074160 0.31301775 0.23522698 0.05550525 -0.54294931 0.03890045 0.02047465 -0.23450553 -0.48345123 -0.07340387 0.11355802 -0.08817535 0.22985273 0.26032548 -0.05154677 0.01164544 -0.24948843 0.01926333 -0.14917448 0.29035504 15.00000000
-4.91880345 -5.26238181 -5.18566379 3.66259691 0.89735612 0.35798527 -0.60239629 0.28675138 0.73681374 -0.79937659 1.06819753 0.18811206 -0.54002983 0.54082028 0.05153014 0.73984905 -0.02905192 0.57046668 0.85164133 -1.07394473 -0.47785946 0.78420911 0.09350998 0.75134813 0.40901021 -0.76615191 -0.12390440 -0.31248685 0.54106437 0.47328789 0.05095580 -0.18814605 1.13711691 0.50691590 0.59806228 0.48705926 -0.34504109 0.40806836 -0.72448466 -0.10175623 -0.35784837 0.39159939 0.16444741 0.01069001 -0.13171844 -0.53427612 0.32955569 0.25265899 -0.11703023 15.00000000
1.54173856 2.52004510 -1.60800273 0.58149372 -3.44103134 2.19372553 -0.18443787 1.20648906 0.09445478 -0.87243360 -2.04030774 0.33926009 2.42550069 -1.60607197 0.00584062 -0.24403970 0.81420068 -0.84625701 0.92912527 -0.05949560 1.21612871 0.34802446 0.24631562 0.69522064 0.67690225 -0.22034384 0.05715412 -0.44117790 0.11377776 -0.18009370 -0.08346537 -0.19498782 0.30240432 -0.04307025 -0.14863381 -0.00783633 -0.18841397 0.08805215 0.29487572 0.02549026 -0.02135258 -0.15153644 -0.06619946 -0.12963511 0.41463502 0.17693257 -0.10488620 -0.09202088 -0.04329028 15.00000000
1.88410353 3.55296372 -1.52088340 1.22182406 -0.08635731 0.35413758 -0.67672411 2.17711023 0.08824427 0.46468655 0.62163888 0.87960235 0.13593783 -0.14311499 -0.53251331 -0.41102082 0.39149748 -0.66630974 -0.13853351 -0.88425743 -0.90828726 0.30314114 -0.15085499 0.56821974 1.00950029 0.27293934 -0.39212266 -0.55783418 -0.00787782 0.87961568 0.13546855 -0.20692087 1.32728719 0.63051639 0.07538030 -0.06584387 -0.06338451 0.26472347 -0.23203119 -0.15063095 -0.12737691 -0.04123101 0.60826419 -0.23666647 -0.60602969 0.41202515 0.17674649 -0.54875244 0.12474568 15.00000000
7.65863325 -3.55873461 -2.99145844 -3.79302948 2.09204377 0.46491351 -0.94398378 0.94195339 0.53348132 1.80560834 0.17589299 0.48286053 0.19960960 -0.47336047 0.14480435 -1.09731536 0.42675652 -0.12588279 0.14666988 -0.21446875 -0.49299103 -0.31613192 0.29600575 0.11099870 0.50770980 -0.45167596 0.07925513 0.30182900 0.51793986 0.28600123 0.41534058 0.22643944 0.29261100 -0.09983915 0.16448481 -0.16460586 -0.19322436 -0.17626552 0.55118082 -0.34150826 -0.06465271 -0.25887113 0.48472576 0.33349369 -0.19325723 0.43087685 0.25627644 -0.45698647 -0.45061061 15.00000000
-0.48538215 2.99491997 -1.19835838 -0.51040845 0.52262854 0.40781748 -0.17868104 0.67820950 -1.52295692 0.95373955 1.15613683 1.17410116 1.00159407 1.19717422 -0.44891573 -2.04386662 -0.00432011 -0.73548679 0.36029864 -1.35504637 -0.86142641 0.49670270 -0.54844335 -0.22321647 -0.56670450 0.33771438 1.08745774 0.07759082 -0.05513982 0.37382656 0.50103287 0.27392715 -0.08213830 -0.48757408 0.00487548 -0.09641393 -0.31020162 -0.29106641 -0.02853955 0.19770854 0.16300479 0.10537783 -0.05452912 -0.07892821 -0.02840478 -0.11727079 -0.00050863 -0.09290399 0.09173700 15.00000000
1.75140721 2.46813050 -1.54257615 0.75781345 -3.49987457 2.20895961 -0.27630062 1.22806889 0.27832389 -0.92036539 -2.14912380 0.24499033 2.14862229 -1.71437742 -0.05929050 -0.24902779 0.92134787 -0.90508814 0.84109641 -0.22056547 1.21271534 0.34628519 0.29193803 0.64403765 0.68896771 -0.15756728 0.05998543 -0.54241000 -0.05807317 -0.06512836 -0.00509653 -0.21865643 0.17811963 0.04961166 -0.15173113 0.03959414 0.01451401 0.08671105 0.34661243 0.03998404 0.00738546 -0.12782097 0.01582742 -0.20610299 0.48270496 0.25225759 -0.11529340 -0.21559657 -0.08854298 15.00000000
1.64056192 2.31316578 -1.92551053 0.57917872 -3.40168216 2.24513733 -0.14908996 0.73259995 0.44405072 -1.39967478 -2.16099999 0.33095466 2.06363121 -1.39705249 0.06509412 -0.26038117 0.77359206 -0.59139994 1.01086487 0.09696877 1.15737508 0.23621406 0.11381076 0.46053555 0.86098307 -0.37803396 0.14539829 -0.66564701 0.21426950 -0.06479849 0.22024202 -0.12607065 -0.09672983 -0.03104076 -0.00624344 -0.34507741 0.29102611 0.12959125 0.15781811 -0.29453067 -0.02643765 -0.02955790 0.00423445 0.02711090 -0.00498497 -0.18409549 0.15397596 -0.08297332 0.15949290 15.00000000
-0.98966555 2.46041075 -0.54506877 -0.92674697 0.94888468 -0.15625470 -0.31953750 0.60265080 -1.65665929 0.49003279 1.06434676 0.79344873 1.07302055 0.65301394 -0.42532932 -2.18996869 0.06412614 -0.33305768 0.39470434 -1.26445859 -0.30547621 0.39661274 -0.46953770 -0.30453082 -0.70931036 0.43696552 1.50013195 0.31223303 -0.36261534 0.20587382 0.56571419 0.44262745 -0.55024458 -0.53472170 0.25388639 0.21402929 -0.00091439 -0.01191033 0.37740003 -0.22152161 0.00213706 -0.18322185 -0.12253815 -0.26624374 0.08453801 -0.25605950 -0.03063691 -0.06478357 -0.06723165 15.00000000
